[BORDER]
0.000000 0.000000
4000.000000 0.000000
4000.000000 4000.000000
0.000000 4000.000000

[OBSTACLE]
1280.000000 -140.000000
1280.000000 1480.000000
1640.000000 1480.000000
1640.000000 2140.000000
1100.000000 2140.000000
1100.000000 2200.000000
1700.000000 2200.000000
1700.000000 1420.000000
1340.000000 1420.000000
1340.000000 -140.000000

[OBSTACLE]
1240.000000 4140.000000
1240.000000 2520.000000
880.000000 2520.000000
880.000000 1860.000000
1420.000000 1860.000000
1420.000000 1800.000000
820.000000 1800.000000
820.000000 2580.000000
1180.000000 2580.000000
1180.000000 4140.000000

[OBSTACLE]
2780.000000 -140.000000
2780.000000 1480.000000
3140.000000 1480.000000
3140.000000 2140.000000
2600.000000 2140.000000
2600.000000 2200.000000
3200.000000 2200.000000
3200.000000 1420.000000
2840.000000 1420.000000
2840.000000 -140.000000

[OBSTACLE]
2740.000000 4140.000000
2740.000000 2520.000000
2380.000000 2520.000000
2380.000000 1860.000000
2920.000000 1860.000000
2920.000000 1800.000000
2320.000000 1800.000000
2320.000000 2580.000000
2680.000000 2580.000000
2680.000000 4140.000000


