[BORDER]
0.000000 0.000000
3000.000000 0.000000
3000.000000 3000.000000
0.000000 3000.000000

[OBSTACLE]
-60.000000 390.000000
735.000000 390.000000
735.000000 705.000000
585.000000 705.000000
585.000000 525.000000
-60.000000 525.000000

[OBSTACLE]
1185.000000 3135.000000
1185.000000 2790.000000
1335.000000 2790.000000
1335.000000 3135.000000

[OBSTACLE]
-73.666649 1875.000000
646.333496 1875.000000
646.333496 1695.000000
811.333496 1695.000000
811.333496 2040.000000
-58.666649 2040.000000

[OBSTACLE]
540.000000 2745.000000
540.000000 2445.000000
930.000000 2445.000000
1095.000000 2145.000000
1515.000000 2145.000000
1575.000000 2460.000000
2595.000000 2460.000000
2595.000000 2670.000000
1545.000000 2670.000000
1470.000000 2355.000000
1110.000000 2355.000000
960.000000 2595.000000
720.000000 2595.000000
720.000000 2745.000000

[OBSTACLE]
3135.000000 2115.000000
1890.000000 2115.000000
1890.000000 1965.000000
3135.000000 1965.000000

[OBSTACLE]
1515.000000 2145.000000
1635.000000 1725.000000
1785.000000 1635.000000
2565.000000 1635.000000
2565.000000 645.000000
2160.000000 645.000000
2160.000000 -45.000000
1995.000000 -45.000000
1995.000000 795.000000
2400.000000 795.000000
2400.000000 1485.000000
1740.000000 1485.000000
1515.000000 1635.000000
1365.000000 2145.000000

[OBSTACLE]
1080.000000 420.000000
1080.000000 1035.000000
420.000000 1035.000000
420.000000 1185.000000
1095.000000 1185.000000
1095.000000 1635.000000
1245.000000 1635.000000
1245.000000 1185.000000
1815.000000 1185.000000
1815.000000 1050.000000
1245.000000 1050.000000
1245.000000 420.000000



