[BORDER]
0.000000 0.000000
3000.000000 0.000000
3000.000000 3000.000000
0.000000 3000.000000

[OBSTACLE]
-75.000000 495.000000
555.000000 495.000000
555.000000 1470.000000
-75.000000 1470.000000

[OBSTACLE]
795.000000 510.000000
795.000000 1470.000000
1515.000000 1470.000000
1515.000000 525.000000

[OBSTACLE]
795.000000 330.000000
1515.000000 330.000000
1515.000000 -60.000000
810.000000 -60.000000

[OBSTACLE]
-60.000000 1605.000000
345.000000 1605.000000
345.000000 2235.000000
795.000000 2235.000000
795.000000 1635.000000
1485.000000 1635.000000
1485.000000 2490.000000
-45.000000 2490.000000

[OBSTACLE]
1740.000000 2490.000000
1740.000000 1860.000000
2040.000000 1860.000000
2040.000000 1260.000000
1740.000000 1260.000000
1740.000000 765.000000
2070.000000 765.000000
2070.000000 210.000000
1755.000000 210.000000
1755.000000 -60.000000
2430.000000 -60.000000
2415.000000 2505.000000



