[BORDER]
0 0
3203.78 0
3203.78 3203.56
0 3203.56

[OBSTACLE]
-64 416.444
785.111 416.444
785.111 752.889
624.889 752.889
624.889 560.667
-64 560.667

[OBSTACLE]
1265.56 3347.78
1265.56 2979.33
1425.78 2979.33
1425.78 3347.78

[OBSTACLE]
-78.6667 2002.22
690.222 2002.22
690.222 1810
866.444 1810
866.444 2178.44
-62.4444 2178.44

[OBSTACLE]
576.667 2931.33
576.667 2610.89
993.333 2610.89
1169.56 2290.67
1618 2290.67
1682 2626.89
2771.33 2626.89
2771.33 2851.11
1650 2851.11
1570 2514.89
1185.56 2514.89
1025.33 2771.11
768.889 2771.11
768.889 2931.33

[OBSTACLE]
3348 2258.67
2018.44 2258.67
2018.44 2098.44
3348 2098.44

[OBSTACLE]
1618 2290.67
1746.22 1842
1906.22 1746
2739.33 1746
2739.33 688.889
2306.67 688.889
2306.67 -48
2130.67 -48
2130.67 849.111
2563.11 849.111
2563.11 1585.78
1858.22 1585.78
1618 1746
1457.78 2290.67

[OBSTACLE]
1153.33 448.667
1153.33 1105.33
448.667 1105.33
448.667 1265.56
1169.56 1265.56
1169.56 1746
1329.56 1746
1329.56 1265.56
1938.44 1265.56
1938.44 1121.33
1329.56 1121.33
1329.56 448.667
