[BORDER]
0.000000 0.000000
9000.000000 0.000000
9000.000000 9000.000000
0.000000 9000.000000

[OBSTACLE]
1163.290527 -1016.046021
1214.770508 2279.200684
1497.928467 3051.526611
1884.046509 3386.200684
2604.807129 3592.152100
3377.051758 3231.733398
3711.689941 2691.107910
3814.654541 2098.993408
4097.808105 1867.297485
4689.854492 1867.297485
5307.660156 2330.689697
5693.760254 3205.989258
5822.504883 4261.500000
5873.984375 5265.540039
6517.484375 6012.089844
7238.250000 6243.795410
7572.915039 6192.314941
8216.415039 -1093.279541

[OBSTACLE]
1189.030518 3077.271240
1652.377441 3617.896484
2064.239990 3823.847900
2707.771484 3823.847900
3377.051758 3643.641113
3814.654541 3231.733398
3994.843506 2768.341553
4020.583740 2407.922852
4149.292480 2227.716064
4586.895020 2176.227051
4921.515625 2382.178223
5230.439941 2819.830566
5539.319824 3514.918457
5668.020508 4364.477539
5642.280273 5085.314941
6002.685059 6063.569824
6517.484375 6295.274414
7315.469727 6424.020508
7650.134766 6372.540039
7598.655273 10877.759766
494.010010 10671.794922



