[BORDER]
0.000000 0.000000
4000.000000 0.000000
4000.000000 4000.000000
0.000000 4000.000000

[OBSTACLE]
724.562012 1047.619995
543.492004 978.565979
489.178009 795.987976
605.107971 729.736023
795.564026 771.143982
836.968018 936.776001
895.271973 1011.955994

[OBSTACLE]
307.002014 456.444000
232.475998 398.471985
290.441986 241.123993
447.773987 183.151993
580.265991 216.278000
650.877991 306.548004
530.581970 398.471985
472.290009 528.445984
378.548004 579.593994

[OBSTACLE]
1350.369995 456.444000
1193.442017 457.148010
1168.196045 307.376007
1474.582031 158.307404
1383.494019 83.773201
1474.582031 83.773201
1623.634033 141.744202
1540.826050 299.093994
1458.020020 373.627991

[OBSTACLE]
1131.501953 904.078003
1026.225952 824.455994
1101.949951 688.328003
1267.563965 646.919983
1366.932007 671.763977
1391.774048 829.114014
1325.527954 820.833984

[OBSTACLE]
1100.086060 1602.010010
1027.423950 1292.881958
1159.913940 1118.969971
1321.656006 1249.663940
1292.406006 1392.261963
1325.527954 1591.020020

[OBSTACLE]
1499.423950 1408.823975
1540.826050 1118.969971
1491.141968 1003.028015
1631.913940 878.804016
1764.406006 887.085999
1954.862061 1011.309998
1872.053955 1168.660034
1780.968018 1367.417969
1814.089966 1524.765991
1673.317993 1541.329956

[OBSTACLE]
547.142029 1334.290039
653.903992 1184.043945
812.125977 1218.348022
864.312012 1414.472046
613.388000 1557.894043
414.652008 1516.485962

[OBSTACLE]
182.792206 655.202026
315.283997 746.299988
315.283997 903.648010
398.089996 1011.309998
398.089996 1201.786011
290.500000 1150.248047
196.848999 1029.936035
133.108002 903.648010
91.704399 754.580017

[OBSTACLE]
821.166016 578.140015
734.401978 534.754028
821.166016 421.950012
899.252014 313.485992
894.914001 192.006393
968.661987 183.329193
1029.394043 261.424011
1025.056030 417.612000
933.955994 513.062012
933.788025 626.682007

[OBSTACLE]
1708.744019 711.838013
1569.923950 612.049988
1665.364014 447.183990
1834.550049 260.626007
1964.693970 312.687988
2133.879883 416.813995
1943.001953 590.357971
1856.239990 690.143982

[OBSTACLE]
2090.479980 701.476013
2099.000000 835.026001
2253.379883 823.661987
2258.080078 673.062012
2164.340088 619.072021

[OBSTACLE]
3559.879883 229.065994
3779.639893 163.134003
4076.300049 426.864014
3944.459961 646.638000
3856.560059 998.278015
3625.820068 1042.232056
3647.780029 734.547974
3614.820068 437.851990

[OBSTACLE]
3680.739990 1207.063965
3922.479980 1196.076050
3878.520020 1459.806030
3757.659912 1921.332031
4010.379883 2218.020020
3724.699951 2393.840088
3548.899902 2240.000000
3340.139893 1921.332031
3592.840088 1602.657959

[OBSTACLE]
3559.879883 2437.800049
3801.620117 2426.820068
3812.600098 2690.540039
3746.679932 2976.260010
3999.379883 3646.560059
3889.520020 3899.300049
3559.879883 3954.239990
3417.040039 4053.139893
3296.179932 3899.300049
3537.919922 3657.560059
3735.679932 3481.739990
3614.820068 3196.020020
3428.040039 2877.360107
3603.840088 2646.580078

[OBSTACLE]
219.662003 4075.120117
98.799004 3954.239990
362.500000 3833.379883
604.228027 3921.280029
1032.744019 3932.280029
1812.862061 3723.479980
2164.459961 3811.399902
2472.120117 3866.340088
2966.560059 3855.340088
3131.379883 3844.360107
3296.179932 4075.120117
3131.379883 4086.120117
1977.673950 4064.139893
1329.407959 4119.080078
1098.667969 4108.100098
637.190002 3965.239990
516.328003 4053.139893

[OBSTACLE]
-11.076700 3833.379883
43.861198 3349.860107
-22.064199 3174.040039
-11.076700 2811.419922
87.811401 2437.800049
10.898440 2316.919922
-11.076700 1943.310059
-0.089129 1767.489990
10.898440 1591.670044
10.898440 1393.871948
-44.039398 1152.119995
-33.051800 954.323975
164.724594 1240.030029
208.673996 1602.657959
142.749405 2053.199951
505.339996 2404.840088
417.437988 2602.639893
219.662003 2624.620117
131.761795 2943.280029
263.612000 3086.139893
252.626007 3371.840088
230.649994 3602.600098

[OBSTACLE]
1867.800049 86.212799
2110.360107 201.371994
2368.860107 150.224792
2582.000000 130.167801
2779.760010 174.122803
3039.260010 172.956802
3307.179932 141.156601
3482.979980 229.065994
3581.860107 86.212799
3439.020020 -23.674601
2735.820068 42.257801
2417.179932 -1.697084
2076.560059 -1.697084

[OBSTACLE]
2451.239990 923.114014
2519.419922 687.268005
2388.840088 533.242004
2321.199951 418.760010
2388.840088 314.686005
2534.520020 283.463989
2664.600098 283.463989
2758.260010 418.760010
2711.419922 507.221985
2633.379883 678.943970
2732.239990 887.091980
2669.800049 991.168030

[OBSTACLE]
3021.800049 863.033997
3001.919922 652.763977
3101.659912 434.369995
3273.360107 397.944000
3403.439941 491.612000
3403.439941 746.591980
3393.939941 877.242004
3337.120117 990.901978
3146.800049 1002.268005

[OBSTACLE]
2113.199951 1511.303955
2103.540039 1379.777954
2337.780029 1290.552002
2145.159912 1130.000000
2223.199951 1041.537964
2558.719971 1189.651978
2498.979980 1395.390015
2285.639893 1494.260010

[OBSTACLE]
659.151978 2221.600098
482.243988 2122.739990
445.821991 1893.771973
656.943970 1712.829956
889.875977 1687.255981
966.138000 1857.345947
799.638000 1857.345947
627.932007 1992.641968
784.693970 2123.879883

[OBSTACLE]
2750.659912 3562.879883
2322.379883 3485.000000
2187.000000 3282.020020
2195.860107 2969.080078
2234.780029 2647.860107
2614.379883 2404.500000
2886.919922 2453.159912
3217.840088 2521.300049
3324.919922 2706.260010
3276.239990 2871.739990
3247.040039 3115.100098
3013.439941 3066.419922
3042.639893 2881.479980
2925.840088 2696.520020
2692.260010 2686.800049
2507.320068 2735.459961
2409.979980 2891.219971
2400.260010 3163.780029
2507.320068 3300.060059
2740.919922 3377.919922
2935.580078 3377.919922
2935.580078 3543.399902

[OBSTACLE]
502.268005 3115.100098
502.268005 2998.280029
1951.218018 2969.459961
1954.060059 3097.320068

[OBSTACLE]
2757.639893 2197.860107
2859.899902 1135.144043
2962.159912 1086.838013
2913.860107 2203.540039

[OBSTACLE]
1330.923950 2013.780029
1447.729980 1817.307983
1622.937988 1785.447998
1734.433960 1817.307983
1734.433960 2173.080078
1463.657959 2358.919922
1261.904053 2412.020020
1034.671997 2160.820068
1224.738037 2029.699951

[OBSTACLE]
1962.735962 2003.160034
1973.354004 1838.546021
2143.260010 1716.420044
2318.459961 1854.475952
2302.540039 2109.360107
2050.760010 2235.120117

[OBSTACLE]
1601.702026 2475.739990
1845.930054 2422.639893
1930.880005 2613.800049
1835.312012 2725.300049
1580.078003 2780.280029
1442.420044 2677.520020
1251.284058 2677.520020
1111.369995 2783.120117
847.773987 2751.860107
938.033997 2650.959961
1208.810059 2597.860107

[OBSTACLE]
753.447998 2561.479980
705.156006 2422.239990
861.392029 2331.320068
895.479980 2453.500000

[OBSTACLE]
691.205994 3618.139893
575.466003 3560.260010
579.081970 3401.100098
792.231995 3316.120117
1023.960022 3538.560059

[OBSTACLE]
1479.670044 3600.280029
1280.760010 3393.860107
1510.917969 3279.179932
1707.553955 3415.580078

[OBSTACLE]
2627.399902 1916.868042
2493.899902 1754.904053
2612.760010 1586.942017
2661.500000 1771.952026

[OBSTACLE]
3191.219971 1745.380005
3112.040039 1551.802002
3358.399902 1305.427979
3490.360107 1393.420044
3314.399902 1657.390015



