[BORDER]
0.000000 0.000000
4000.000000 0.000000
4000.000000 4000.000000
0.000000 4000.000000

[OBSTACLE]
553.333984 2980.000000
535.572021 2890.699951
484.992004 2815.000000
409.291992 2764.419922
320.000000 2746.659912
230.707993 2764.419922
155.008408 2815.000000
104.428200 2890.699951
86.666603 2980.000000
104.428200 3069.300049
155.008408 3145.000000
230.707993 3195.580078
320.000000 3213.340088
409.291992 3195.580078
484.992004 3145.000000
535.572021 3069.300049

[OBSTACLE]
553.333984 1660.000000
535.572021 1570.708008
484.992004 1495.008057
409.291992 1444.427979
320.000000 1426.666016
230.707993 1444.427979
155.008408 1495.008057
104.428200 1570.708008
86.666603 1660.000000
104.428200 1749.291992
155.008408 1824.991943
230.707993 1875.572021
320.000000 1893.333984
409.291992 1875.572021
484.992004 1824.991943
535.572021 1749.291992

[OBSTACLE]
3793.340088 3060.000000
3775.580078 2970.699951
3725.000000 2895.000000
3649.300049 2844.419922
3560.000000 2826.659912
3470.699951 2844.419922
3395.000000 2895.000000
3344.419922 2970.699951
3326.659912 3060.000000
3344.419922 3149.300049
3395.000000 3225.000000
3470.699951 3275.580078
3560.000000 3293.340088
3649.300049 3275.580078
3725.000000 3225.000000
3775.580078 3149.300049

[OBSTACLE]
3842.659912 1000.000000
3824.899902 910.708008
3774.320068 835.007996
3698.620117 784.427979
3609.340088 766.666016
3520.040039 784.427979
3444.340088 835.007996
3393.760010 910.708008
3376.000000 1000.000000
3393.760010 1089.291992
3444.340088 1164.991943
3520.040039 1215.572021
3609.340088 1233.333984
3698.620117 1215.572021
3774.320068 1164.991943
3824.899902 1089.291992

[OBSTACLE]
649.333984 380.000000
631.572021 290.708008
580.992004 215.007996
505.291992 164.428207
416.000000 146.666595
326.708008 164.428207
251.007996 215.007996
200.427994 290.708008
182.666595 380.000000
200.427994 469.291992
251.007996 544.992004
326.708008 595.572021
416.000000 613.333984
505.291992 595.572021
580.992004 544.992004
631.572021 469.291992

[OBSTACLE]
2369.340088 3733.340088
2351.580078 3644.040039
2301.000000 3568.340088
2225.300049 3517.760010
2136.000000 3500.000000
2046.699951 3517.760010
1971.008057 3568.340088
1920.427979 3644.040039
1902.666016 3733.340088
1920.427979 3822.620117
1971.008057 3898.320068
2046.699951 3948.899902
2136.000000 3966.659912
2225.300049 3948.899902
2301.000000 3898.320068
2351.580078 3822.620117

[OBSTACLE]
2796.000000 326.665985
2778.239990 237.373993
2727.659912 161.675003
2651.959961 111.094803
2562.659912 93.333397
2473.379883 111.094803
2397.679932 161.675003
2347.100098 237.373993
2329.340088 326.665985
2347.100098 415.959991
2397.679932 491.657990
2473.379883 542.237976
2562.659912 560.000000
2651.959961 542.237976
2727.659912 491.657990
2778.239990 415.959991

[OBSTACLE]
3062.659912 1093.333984
3044.899902 1004.039978
2994.320068 928.341980
2918.620117 877.762024
2829.340088 860.000000
2740.040039 877.762024
2664.340088 928.341980
2613.760010 1004.039978
2596.000000 1093.333984
2613.760010 1182.625977
2664.340088 1258.323975
2740.040039 1308.906006
2829.340088 1326.666016
2918.620117 1308.906006
2994.320068 1258.323975
3044.899902 1182.625977

[OBSTACLE]
1242.666016 2146.659912
1224.906006 2057.379883
1174.323975 1981.676025
1098.625977 1931.093994
1009.333984 1913.333984
920.039978 1931.093994
844.341980 1981.676025
793.762024 2057.379883
776.000000 2146.659912
793.762024 2235.959961
844.341980 2311.659912
920.039978 2362.239990
1009.333984 2380.000000
1098.625977 2362.239990
1174.323975 2311.659912
1224.906006 2235.959961

[OBSTACLE]
1996.000000 3000.000000
1978.238037 2910.699951
1927.657959 2835.000000
1851.959961 2784.419922
1762.666016 2766.659912
1673.374023 2784.419922
1597.676025 2835.000000
1547.093994 2910.699951
1529.333984 3000.000000
1547.093994 3089.300049
1597.676025 3165.000000
1673.374023 3215.580078
1762.666016 3233.340088
1851.959961 3215.580078
1927.657959 3165.000000
1978.238037 3089.300049

[OBSTACLE]
260.000000 3720.000000
700.000000 3720.000000
700.000000 3280.000000
260.000000 3280.000000

[OBSTACLE]
3099.560059 3439.560059
3580.879883 3441.780029
3338.219971 3857.340088

[OBSTACLE]
2417.340088 3617.340088
2700.000000 3334.659912
2983.120117 3617.340088
2700.000000 3900.000000

[OBSTACLE]
613.333984 2386.659912
132.000000 2384.439941
374.665985 1968.887939

[OBSTACLE]
1321.333984 157.777802
1802.666016 160.000000
1560.000000 575.556030

[OBSTACLE]
149.333405 780.000000
630.666016 782.221985
388.000000 1197.777954

[OBSTACLE]
820.000000 3617.340088
1102.666016 3334.659912
1385.777954 3617.340088
1102.666016 3900.000000

[OBSTACLE]
1416.000000 3446.659912
1897.333984 3448.879883
1654.666016 3864.439941

[OBSTACLE]
2297.340088 522.221985
1816.000000 520.000000
2058.659912 104.444397

[OBSTACLE]
3402.659912 600.000000
3842.659912 600.000000
3842.659912 160.000000
3402.659912 160.000000

[OBSTACLE]
3274.659912 644.443970
2793.340088 642.221985
3036.000000 226.666000

[OBSTACLE]
1867.112061 691.556030
2348.439941 693.778015
2105.780029 1109.333984

[OBSTACLE]
3813.340088 1775.556030
3332.000000 1773.333984
3574.659912 1357.777954

[OBSTACLE]
3356.000000 3353.340088
2874.659912 3351.120117
3117.340088 2935.560059

[OBSTACLE]
762.666016 660.000000
1202.666016 660.000000
1202.666016 220.000000
762.666016 220.000000

[OBSTACLE]
516.888000 1233.333984
799.556030 950.666016
1082.666016 1233.333984
799.556030 1516.000000

[OBSTACLE]
3082.659912 2493.340088
3365.340088 2210.659912
3648.439941 2493.340088
3365.340088 2776.000000

[OBSTACLE]
3406.659912 1905.777954
3888.000000 1908.000000
3645.340088 2323.560059

[OBSTACLE]
860.000000 2962.659912
1142.666016 2680.000000
1425.777954 2962.659912
1142.666016 3245.340088

[OBSTACLE]
1222.666016 1520.000000
1704.000000 1522.222046
1461.333984 1937.777954

[OBSTACLE]
2544.000000 3235.560059
2062.659912 3233.340088
2305.340088 2817.780029

[OBSTACLE]
1249.333984 1206.666016
1689.333984 1206.666016
1689.333984 766.666016
1249.333984 766.666016

[OBSTACLE]
2370.659912 1788.887939
1889.333984 1786.666016
2132.000000 1371.112061

[OBSTACLE]
2273.340088 2409.340088
2556.000000 2126.659912
2839.120117 2409.340088
2556.000000 2692.000000

[OBSTACLE]
484.000000 2495.560059
965.333984 2497.780029
722.666016 2913.340088

[OBSTACLE]
2629.340088 1960.000000
3069.340088 1960.000000
3069.340088 1520.000000
2629.340088 1520.000000



