[BORDER]
0 0
4000 0
4000 4000
0 4000

[OBSTACLE]
664.217 1543.87
588.84 1507.68
582.81 1447.37
664.217 1399.11
676.278 1278.48
634.067 1218.16
679.293 1172.92
739.594 1163.87
878.287 1230.22
842.107 1290.54
787.835 1341.81
790.85 1399.11
817.986 1435.3
796.88 1501.65
730.549 1501.65

[OBSTACLE]
1363.71 844.193
1351.65 786.892
1336.58 726.574
1375.77 693.4
1405.93 687.368
1457.18 690.384
1511.45 702.447
1550.65 723.558
1607.93 762.765
1595.87 847.209
1520.5 877.368
1502.41 946.732
1502.41 1040.22
1508.44 1112.61
1439.09 1148.8
1396.88 1218.16
1273.26 1218.16
1197.89 1169.91
1152.66 1133.72
1113.46 1061.34
1068.24 1034.19
1050.15 985.939
1149.64 964.828
1188.84 985.939
1212.96 1052.29
1279.29 1082.45
1333.56 1091.49
1369.74 1043.24
1381.8 998.002
1414.97 988.955
1424.02 934.669
1405.93 871.336

[OBSTACLE]
441.102 503.4
419.996 464.194
471.253 428.003
474.268 397.845
450.147 373.718
468.238 334.511
510.449 334.511
540.599 373.718
537.584 418.956
510.449 464.194
483.313 479.273

[OBSTACLE]
230.047 256.099
208.941 286.258
190.851 253.083
224.017 210.861
230.047 183.718
230.047 153.559
266.228 150.543
290.348 192.766
278.288 216.893

[OBSTACLE]
638.811 779.804
542.328 802.512
494.086 876.314
556.516 927.407
599.083 924.568
633.136 864.96
684.216 842.252
715.431 785.481
749.484 723.034
695.567 680.456
650.163 711.68

[OBSTACLE]
970.83 493.115
862.995 416.475
851.644 359.705
789.213 288.742
735.295 257.518
715.431 217.779
746.646 192.233
809.077 214.941
854.481 280.227
894.21 362.543
931.101 419.314
990.694 439.183
1033.26 478.922

[OBSTACLE]
1075.83 2204.74
1004.88 2147.97
962.316 2079.84
1010.56 2023.07
1053.12 1957.79
1044.61 1892.5
990.694 1872.63
908.399 1866.95
851.644 1872.63
769.349 1832.89
653 1827.21
545.165 1878.31
471.384 1901.02
340.846 1952.11
301.118 2099.71
408.953 2321.12
488.41 2392.08
823.266 2335.31
1002.05 2272.86

[OBSTACLE]
1146.77 2156.48
1104.2 2116.74
1053.12 2062.81
1092.85 2003.2
1129.74 1937.92
1115.56 1861.28
1070.15 1807.35
933.939 1813.02
888.535 1764.77
1090.02 1671.1
1529.87 1469.56
1776.75 1532.01
1964.05 1492.27
2015.13 1739.22
2029.31 1872.63
1521.36 2017.39
1291.5 2096.87

[OBSTACLE]
1282.98 459.053
1240.42 379.574
1197.85 268.872
1291.5 203.587
1410.68 189.394
1501.49 237.649
1399.33 371.059
1387.98 476.084

[OBSTACLE]
2046.34 785.481
2037.83 430.668
2049.18 376.736
1910.13 336.997
1870.4 268.872
1901.62 214.941
2270.52 484.599
2128.64 774.127

[OBSTACLE]
2395.39 1580.26
2244.98 1407.12
2080.39 1202.74
2233.63 998.37
2480.52 677.618
2591.19 510.146
2650.78 612.332
2341.47 1077.85
2375.52 1160.16
2452.14 1313.44
2347.14 1495.11
2469.17 1506.46

[OBSTACLE]
976.505 842.252
851.644 686.133
857.319 612.332
939.614 532.854
1038.94 564.078
1175.15 635.04
1203.53 796.835
1104.2 842.252

[OBSTACLE]
82.6101 1236.8
68.4213 1168.68
62.7458 1066.49
102.474 1015.4
170.581 981.339
301.118 944.438
386.251 964.308
513.95 975.662
624.623 1001.21
709.756 950.115
783.537 910.376
789.213 989.854
633.136 1057.98
400.439 1103.39
372.062 1253.84

[OBSTACLE]
204.634 745.742
125.177 646.394
159.23 527.177
258.551 544.208
340.846 612.332
329.495 731.55

[OBSTACLE]
1629.19 552.724
1580.95 467.568
1666.08 277.388
1666.08 195.071
1620.68 118.431
1756.89 90.0463
1793.78 217.779
1694.46 501.63
1813.64 649.233
1731.35 674.779

[OBSTACLE]
1248.93 691.811
1209.2 535.692
1240.42 490.276
1339.74 507.307
1353.93 598.14
1314.2 671.941

[OBSTACLE]
877.183 1128.94
837.455 1046.62
868.67 944.438
959.479 975.662
1064.48 1225.45
865.832 1177.2

[OBSTACLE]
176.256 1864.12
93.9612 1637.03
213.147 1543.36
414.628 1486.59
513.95 1702.32
363.549 1815.86

[OBSTACLE]
1810.81 1251
1717.16 1211.26
1626.35 1097.72
1702.97 913.214
1844.86 813.866
2080.39 927.407
1964.05 1145.97
2060.53 1353.18
1893.1 1418.47
1657.57 1438.34
1819.32 1356.02

[OBSTACLE]
1079.42 1536.8
1005.1 1478.39
1026.34 1356.26
1291.76 1335.02
1366.08 1414.67
1297.07 1504.94

[OBSTACLE]
2396.89 449.202
2300.87 396.813
2159.02 322.595
2087 174.16
2183.02 137.051
2571.47 128.319
2687.13 161.062
2706.77 263.658
2582.38 337.875

[OBSTACLE]
3287.27 604.186
3027.57 824.657
2911.91 654.393
2933.73 545.249
2855.17 198.171
3108.32 110.856
3199.97 418.642

[OBSTACLE]
2926.59 2770.15
2836.83 2312.25
3384.38 1908.21
3384.38 1611.92
3761.37 1989.02
3420.28 2428.97
3276.66 2698.32

[OBSTACLE]
799.247 3272.95
978.77 2922.78
1660.96 3219.08
1418.6 3416.6
799.247 3641.06

[OBSTACLE]
2208.5 2644.45
1687.88 2518.75
1687.88 2743.21
1921.26 2922.78
2127.72 3012.57
2343.14 3102.35

[OBSTACLE]
2352.12 2105.74
2388.02 1782.51
2854.78 1719.66
2630.38 2024.93

[OBSTACLE]
377.368 3084.4
206.821 2958.7
305.559 2662.41
503.034 2707.3
700.509 2958.7

[OBSTACLE]
2818.88 3775.74
2262.36 3739.83
2352.12 3560.26
2630.38 3443.54
2791.95 3254.99
3043.28 3389.67
2908.64 3632.09

[OBSTACLE]
3519.02 3380.69
3519.02 2931.76
3833.18 2841.98
3806.25 3138.27

[OBSTACLE]
1203.17 2662.41
1086.48 2545.69
1274.98 2384.07
1319.86 2204.5
1517.34 2366.12

[OBSTACLE]
3151 1414.39
2657.31 1468.27
2782.97 1243.8
3025.33 1171.98
3348.47 1100.15

[OBSTACLE]
3590.83 1405.42
3536.97 1180.95
3626.73 830.792
3581.85 606.329
3590.83 390.845
3734.44 426.759
3779.33 633.265
3743.42 1055.25
3743.42 1297.67

[OBSTACLE]
2551.26 2695.47
2464.65 2620.14
2415.7 2473.25
2434.53 2390.39
2524.9 2394.16
2600.21 2650.27

[OBSTACLE]
2016.57 2401.69
1914.91 2307.53
1907.37 2145.58
2001.51 2058.95
2204.84 1976.09
2216.14 2168.17
2201.08 2326.36

[OBSTACLE]
2069.86 1847.58
2081.15 1704.45
2039.73 1621.59
2013.37 1501.07
2028.44 1437.04
2167.76 1380.54
2224.24 1467.17
2325.9 1595.23
2356.03 1632.89
2318.37 1719.52
2246.83 1809.91
2160.23 1843.81
