[BORDER]
0.000000 0.000000
4000.000000 0.000000
4000.000000 4000.000000
0.000000 4000.000000

[OBSTACLE]
500.000000 0.000000
500.000000 200.000000
1400.000000 200.000000
1400.000000 1200.000000
1600.000000 1200.000000
1600.000000 200.000000
2700.000000 200.000000
2700.000000 600.000000
2900.000000 600.000000
2900.000000 0.000000

[OBSTACLE]
0.000000 500.000000
1100.000000 500.000000
1100.000000 700.000000
600.000000 700.000000
600.000000 1900.000000
1400.000000 1900.000000
1400.000000 2100.000000
200.000000 2100.000000
200.000000 2700.000000
0.000000 2700.000000

[OBSTACLE]
800.000000 1700.000000
3200.000000 1700.000000
3200.000000 1500.000000
2400.000000 1500.000000
2400.000000 900.000000
2200.000000 900.000000
2200.000000 1500.000000
1000.000000 1500.000000
1000.000000 1100.000000
1200.000000 1100.000000
1200.000000 900.000000
800.000000 900.000000

[OBSTACLE]
1800.000000 1300.000000
1800.000000 400.000000
2500.000000 400.000000
2500.000000 600.000000
2000.000000 600.000000
2000.000000 1300.000000

[OBSTACLE]
1600.000000 1900.000000
1600.000000 2300.000000
900.000000 2300.000000
900.000000 2500.000000
1800.000000 2500.000000
1800.000000 1900.000000

[OBSTACLE]
2000.000000 1700.000000
2000.000000 2700.000000
1300.000000 2700.000000
1300.000000 2900.000000
2200.000000 2900.000000
2200.000000 2300.000000
2900.000000 2300.000000
2900.000000 2100.000000
2200.000000 2100.000000
2200.000000 1700.000000

[OBSTACLE]
3100.000000 600.000000
3100.000000 200.000000
3600.000000 200.000000
3600.000000 600.000000

[OBSTACLE]
400.000000 2300.000000
400.000000 3600.000000
600.000000 3600.000000
600.000000 3300.000000
2200.000000 3300.000000
2200.000000 3100.000000
600.000000 3100.000000
600.000000 2300.000000

[OBSTACLE]
900.000000 4000.000000
900.000000 3500.000000
1100.000000 3500.000000
1100.000000 4000.000000

[OBSTACLE]
1400.000000 3300.000000
1400.000000 3800.000000
1600.000000 3800.000000
1600.000000 3300.000000

[OBSTACLE]
1900.000000 4000.000000
1900.000000 3500.000000
2100.000000 3500.000000
2100.000000 4000.000000

[OBSTACLE]
2400.000000 2000.000000
2400.000000 1800.000000
4000.000000 1800.000000
4000.000000 2000.000000

[OBSTACLE]
2840.879883 3117.340088
2840.879883 2917.340088
3540.879883 2917.340088
3540.879883 2217.340088
3740.879883 2217.340088
3740.879883 3117.340088

[OBSTACLE]
2416.439941 3700.879883
2416.439941 2500.879883
3316.439941 2500.879883
3316.439941 2700.879883
2616.439941 2700.879883
2616.439941 3700.879883

[OBSTACLE]
2865.780029 3808.879883
2865.780029 3308.879883
3065.780029 3308.879883
3065.780029 3808.879883

[OBSTACLE]
2574.219971 758.221985
3374.219971 758.221985
3374.219971 958.221985
2774.219971 958.221985
2774.219971 1158.222046
3374.219971 1158.222046
3374.219971 1358.222046
2574.219971 1358.222046

[OBSTACLE]
4000.000000 1700.000000
3500.000000 1700.000000
3500.000000 1500.000000
3800.000000 1500.000000
3800.000000 800.000000
4000.000000 800.000000



