[BORDER]
0.000000 0.000000
7200.000488 0.000000
7200.000488 7200.000488
0.000000 7200.000488

[OBSTACLE]
1635.598877 7097.219727
1635.598877 3569.302979
3263.695068 3472.383789
3302.459961 4654.800293
4814.244141 4577.291992
4697.964355 7097.219727

[OBSTACLE]
1635.598877 22.007341
1693.745972 3142.854004
3321.842773 3201.005127
3476.898193 3220.390869
3496.280762 4422.204102
4794.875977 4383.432129
4872.419922 22.007341

[OBSTACLE]
1880.596924 482.000458
79.702209 -2096.827393
7201.440430 -2096.827393
4581.936035 604.803650

[OBSTACLE]
1880.596924 6826.716309
-329.592224 9487.440430
7242.336426 9364.608398
4541.003906 6703.919922



