[BORDER]
0.000000 0.000000
6000.000000 0.000000
6000.000000 6000.000000
0.000000 6000.000000

[OBSTACLE]
-180.000000 5400.000000
1491.333008 5400.000000
1491.333008 5228.669922
-180.000000 5228.669922

[OBSTACLE]
1748.666992 5400.000000
3420.000000 5400.000000
3420.000000 5228.669922
1748.666992 5228.669922

[OBSTACLE]
3677.340088 5400.000000
5348.669922 5400.000000
5348.669922 5228.669922
3677.340088 5228.669922

[OBSTACLE]
720.000000 5040.000000
2391.333008 5040.000000
2391.333008 4868.669922
720.000000 4868.669922

[OBSTACLE]
2648.666992 5040.000000
4320.000000 5040.000000
4320.000000 4868.669922
2648.666992 4868.669922

[OBSTACLE]
4577.339844 5040.000000
6248.669922 5040.000000
6248.669922 4868.669922
4577.339844 4868.669922

[OBSTACLE]
-180.000000 4680.000000
1491.333008 4680.000000
1491.333008 4508.669922
-180.000000 4508.669922

[OBSTACLE]
1748.666992 4680.000000
3420.000000 4680.000000
3420.000000 4508.669922
1748.666992 4508.669922

[OBSTACLE]
3677.340088 4680.000000
5348.669922 4680.000000
5348.669922 4508.669922
3677.340088 4508.669922

[OBSTACLE]
720.000000 4320.000000
2391.333008 4320.000000
2391.333008 4148.669922
720.000000 4148.669922

[OBSTACLE]
2648.666992 4320.000000
4320.000000 4320.000000
4320.000000 4148.669922
2648.666992 4148.669922

[OBSTACLE]
4577.339844 4320.000000
6248.669922 4320.000000
6248.669922 4148.669922
4577.339844 4148.669922

[OBSTACLE]
-180.000000 3960.000000
1491.333008 3960.000000
1491.333008 3788.669922
-180.000000 3788.669922

[OBSTACLE]
1748.666992 3960.000000
3420.000000 3960.000000
3420.000000 3788.669922
1748.666992 3788.669922

[OBSTACLE]
3677.340088 3960.000000
5348.669922 3960.000000
5348.669922 3788.669922
3677.340088 3788.669922

[OBSTACLE]
720.000000 3600.000000
2391.333008 3600.000000
2391.333008 3428.669922
720.000000 3428.669922

[OBSTACLE]
2648.666992 3600.000000
4320.000000 3600.000000
4320.000000 3428.669922
2648.666992 3428.669922

[OBSTACLE]
4577.339844 3600.000000
6248.669922 3600.000000
6248.669922 3428.669922
4577.339844 3428.669922

[OBSTACLE]
-180.000000 3240.000000
1491.333008 3240.000000
1491.333008 3068.669922
-180.000000 3068.669922

[OBSTACLE]
1748.666992 3240.000000
3420.000000 3240.000000
3420.000000 3068.669922
1748.666992 3068.669922

[OBSTACLE]
3677.340088 3240.000000
5348.669922 3240.000000
5348.669922 3068.669922
3677.340088 3068.669922

[OBSTACLE]
720.000000 2880.000000
2391.333008 2880.000000
2391.333008 2708.666992
720.000000 2708.666992

[OBSTACLE]
2648.666992 2880.000000
4320.000000 2880.000000
4320.000000 2708.666992
2648.666992 2708.666992

[OBSTACLE]
4577.339844 2880.000000
6248.669922 2880.000000
6248.669922 2708.666992
4577.339844 2708.666992

[OBSTACLE]
-180.000000 2520.000000
1491.333008 2520.000000
1491.333008 2348.666992
-180.000000 2348.666992

[OBSTACLE]
1748.666992 2520.000000
3420.000000 2520.000000
3420.000000 2348.666992
1748.666992 2348.666992

[OBSTACLE]
3677.340088 2520.000000
5348.669922 2520.000000
5348.669922 2348.666992
3677.340088 2348.666992

[OBSTACLE]
720.000000 2160.000000
2391.333008 2160.000000
2391.333008 1988.666992
720.000000 1988.666992

[OBSTACLE]
2648.666992 2160.000000
4320.000000 2160.000000
4320.000000 1988.666992
2648.666992 1988.666992

[OBSTACLE]
4577.339844 2160.000000
6248.669922 2160.000000
6248.669922 1988.666992
4577.339844 1988.666992

[OBSTACLE]
-180.000000 1800.000000
1491.333008 1800.000000
1491.333008 1628.666992
-180.000000 1628.666992

[OBSTACLE]
1748.666992 1800.000000
3420.000000 1800.000000
3420.000000 1628.666992
1748.666992 1628.666992

[OBSTACLE]
3677.340088 1800.000000
5348.669922 1800.000000
5348.669922 1628.666992
3677.340088 1628.666992

[OBSTACLE]
720.000000 1440.000000
2391.333008 1440.000000
2391.333008 1268.666992
720.000000 1268.666992

[OBSTACLE]
2648.666992 1440.000000
4320.000000 1440.000000
4320.000000 1268.666992
2648.666992 1268.666992

[OBSTACLE]
4577.339844 1440.000000
6248.669922 1440.000000
6248.669922 1268.666992
4577.339844 1268.666992

[OBSTACLE]
-180.000000 1080.000000
1491.333008 1080.000000
1491.333008 908.666992
-180.000000 908.666992

[OBSTACLE]
1748.666992 1080.000000
3420.000000 1080.000000
3420.000000 908.666992
1748.666992 908.666992

[OBSTACLE]
3677.340088 1080.000000
5348.669922 1080.000000
5348.669922 908.666992
3677.340088 908.666992

[OBSTACLE]
720.000000 720.000000
2391.333008 720.000000
2391.333008 548.666992
720.000000 548.666992

[OBSTACLE]
2648.666992 720.000000
4320.000000 720.000000
4320.000000 548.666992
2648.666992 548.666992

[OBSTACLE]
4577.339844 720.000000
6248.669922 720.000000
6248.669922 548.666992
4577.339844 548.666992



