[BORDER]
0.000000 0.000000
4999.999881 0.000000
4999.999881 4999.999881
0.000000 4999.999881

[OBSTACLE]
2703.900082 4400.550025
2670.474790 4232.599997
2575.349873 4090.224919
2432.954857 3995.074775
2264.999946 3961.675117
2097.045035 3995.074775
1954.657343 4090.224919
1859.519812 4232.599997
1826.109983 4400.550025
1859.519812 4568.500054
1954.657343 4710.899953
2097.045035 4806.024869
2264.999946 4839.449754
2432.954857 4806.024869
2575.349873 4710.899953
2670.474790 4568.500054

[OBSTACLE]
3773.900057 4400.550025
3740.474764 4232.599997
3645.349848 4090.224919
3502.949949 3995.074775
3334.999920 3961.675117
3167.049892 3995.074775
3024.649993 4090.224919
2929.525077 4232.599997
2896.099784 4400.550025
2929.525077 4568.500054
3024.649993 4710.899953
3167.049892 4806.024869
3334.999920 4839.449754
3502.949949 4806.024869
3645.349848 4710.899953
3740.474764 4568.500054

[OBSTACLE]
4844.449754 4400.550025
4811.024869 4232.599997
4715.899953 4090.224919
4573.500054 3995.074775
4405.550025 3961.675117
4237.599997 3995.074775
4095.224919 4090.224919
4000.074774 4232.599997
3966.675117 4400.550025
4000.074774 4568.500054
4095.224919 4710.899953
4237.599997 4806.024869
4405.550025 4839.449754
4573.500054 4806.024869
4715.899953 4710.899953
4811.024869 4568.500054

[OBSTACLE]
1088.332494 3449.449788
1054.925003 3281.499759
959.784930 3139.099860
817.399985 3043.974944
649.445022 3010.549855
481.489958 3043.974944
339.102521 3139.099860
243.963999 3281.499759
210.555491 3449.449788
243.963999 3617.399816
339.102521 3759.774894
481.489958 3854.925038
649.445022 3888.324696
817.399985 3854.925038
959.784930 3759.774894
1054.925003 3617.399816

[OBSTACLE]
2158.332468 3449.449788
2124.924876 3281.499759
2029.784904 3139.099860
1887.400061 3043.974944
1719.444946 3010.549855
1551.490035 3043.974944
1409.102444 3139.099860
1313.965016 3281.499759
1280.554982 3449.449788
1313.965016 3617.399816
1409.102444 3759.774894
1551.490035 3854.925038
1719.444946 3888.324696
1887.400061 3854.925038
2029.784904 3759.774894
2124.924876 3617.399816

[OBSTACLE]
3228.900070 3449.449788
3195.474777 3281.499759
3100.349861 3139.099860
2957.949962 3043.974944
2789.999933 3010.549855
2622.049905 3043.974944
2479.657330 3139.099860
2384.519800 3281.499759
2351.109970 3449.449788
2384.519800 3617.399816
2479.657330 3759.774894
2622.049905 3854.925038
2789.999933 3888.324696
2957.949962 3854.925038
3100.349861 3759.774894
3195.474777 3617.399816

[OBSTACLE]
4298.900044 3449.449788
4265.474752 3281.499759
4170.349835 3139.099860
4027.949937 3043.974944
3859.999908 3010.549855
3692.049879 3043.974944
3549.649980 3139.099860
3454.525064 3281.499759
3421.099772 3449.449788
3454.525064 3617.399816
3549.649980 3759.774894
3692.049879 3854.925038
3859.999908 3888.324696
4027.949937 3854.925038
4170.349835 3759.774894
4265.474752 3617.399816

[OBSTACLE]
5369.449742 3449.449788
5336.024450 3281.499759
5240.899940 3139.099860
5098.500041 3043.974944
4930.550013 3010.549855
4762.599984 3043.974944
4620.224906 3139.099860
4525.074762 3281.499759
4491.675104 3449.449788
4525.074762 3617.399816
4620.224906 3759.774894
4762.599984 3854.925038
4930.550013 3888.324696
5098.500041 3854.925038
5240.899940 3759.774894
5336.024450 3617.399816

[OBSTACLE]
563.332455 2500.549867
529.925016 2332.599839
434.784993 2190.214995
292.399997 2095.075023
124.444501 2061.667431
-43.510999 2095.075023
-185.896755 2190.214995
-281.034997 2332.599839
-314.444979 2500.549867
-281.034997 2668.500099
-185.896755 2810.899998
-43.510999 2906.024914
124.444501 2939.450003
292.399997 2906.024914
434.784993 2810.899998
529.925016 2668.500099

[OBSTACLE]
1633.332481 2500.549867
1599.924889 2332.599839
1504.784917 2190.214995
1362.400073 2095.075023
1194.444959 2061.667431
1026.490047 2095.075023
884.102457 2190.214995
788.964978 2332.599839
755.554944 2500.549867
788.964978 2668.500099
884.102457 2810.899998
1026.490047 2906.024914
1194.444959 2939.450003
1362.400073 2906.024914
1504.784917 2810.899998
1599.924889 2668.500099

[OBSTACLE]
2703.900082 2500.549867
2670.474790 2332.599839
2575.349873 2190.214995
2432.954857 2095.075023
2264.999946 2061.667431
2097.045035 2095.075023
1954.657343 2190.214995
1859.519812 2332.599839
1826.109983 2500.549867
1859.519812 2668.500099
1954.657343 2810.899998
2097.045035 2906.024914
2264.999946 2939.450003
2432.954857 2906.024914
2575.349873 2810.899998
2670.474790 2668.500099

[OBSTACLE]
3773.900057 2500.549867
3740.474764 2332.599839
3645.349848 2190.214995
3502.949949 2095.075023
3334.999920 2061.667431
3167.049892 2095.075023
3024.649993 2190.214995
2929.525077 2332.599839
2896.099784 2500.549867
2929.525077 2668.500099
3024.649993 2810.899998
3167.049892 2906.024914
3334.999920 2939.450003
3502.949949 2906.024914
3645.349848 2810.899998
3740.474764 2668.500099

[OBSTACLE]
4844.449754 2500.549867
4811.024869 2332.599839
4715.899953 2190.214995
4573.500054 2095.075023
4405.550025 2061.667431
4237.599997 2095.075023
4095.224919 2190.214995
4000.074774 2332.599839
3966.675117 2500.549867
4000.074774 2668.500099
4095.224919 2810.899998
4237.599997 2906.024914
4405.550025 2939.450003
4573.500054 2906.024914
4715.899953 2810.899998
4811.024869 2668.500099

[OBSTACLE]
1088.332494 1575.554975
1054.925003 1407.599861
959.784930 1265.215017
817.399985 1170.074944
649.445022 1136.667453
481.489958 1170.074944
339.102521 1265.215017
243.963999 1407.599861
210.555491 1575.554975
243.963999 1743.509887
339.102521 1885.897579
481.489958 1981.034906
649.445022 2014.444939
817.399985 1981.034906
959.784930 1885.897579
1054.925003 1743.509887

[OBSTACLE]
2158.332468 1575.554975
2124.924876 1407.599861
2029.784904 1265.215017
1887.400061 1170.074944
1719.444946 1136.667453
1551.490035 1170.074944
1409.102444 1265.215017
1313.965016 1407.599861
1280.554982 1575.554975
1313.965016 1743.509887
1409.102444 1885.897579
1551.490035 1981.034906
1719.444946 2014.444939
1887.400061 1981.034906
2029.784904 1885.897579
2124.924876 1743.509887

[OBSTACLE]
3228.900070 1575.554975
3195.474777 1407.599861
3100.349861 1265.215017
2957.949962 1170.074944
2789.999933 1136.667453
2622.049905 1170.074944
2479.657330 1265.215017
2384.519800 1407.599861
2351.109970 1575.554975
2384.519800 1743.509887
2479.657330 1885.897579
2622.049905 1981.034906
2789.999933 2014.444939
2957.949962 1981.034906
3100.349861 1885.897579
3195.474777 1743.509887

[OBSTACLE]
4298.900044 1575.554975
4265.474752 1407.599861
4170.349835 1265.215017
4027.949937 1170.074944
3859.999908 1136.667453
3692.049879 1170.074944
3549.649980 1265.215017
3454.525064 1407.599861
3421.099772 1575.554975
3454.525064 1743.509887
3549.649980 1885.897579
3692.049879 1981.034906
3859.999908 2014.444939
4027.949937 1981.034906
4170.349835 1885.897579
4265.474752 1743.509887

[OBSTACLE]
5369.449742 1575.554975
5336.024450 1407.599861
5240.899940 1265.215017
5098.500041 1170.074944
4930.550013 1136.667453
4762.599984 1170.074944
4620.224906 1265.215017
4525.074762 1407.599861
4491.675104 1575.554975
4525.074762 1743.509887
4620.224906 1885.897579
4762.599984 1981.034906
4930.550013 2014.444939
5098.500041 1981.034906
5240.899940 1885.897579
5336.024450 1743.509887

[OBSTACLE]
563.332455 649.445022
529.925016 481.489958
434.784993 339.102521
292.399997 243.963999
124.444501 210.555491
-43.510999 243.963999
-185.896755 339.102521
-281.034997 481.489958
-314.444979 649.445022
-281.034997 817.399985
-185.896755 959.784930
-43.510999 1054.925003
124.444501 1088.332494
292.399997 1054.925003
434.784993 959.784930
529.925016 817.399985

[OBSTACLE]
1633.332481 649.445022
1599.924889 481.489958
1504.784917 339.102521
1362.400073 243.963999
1194.444959 210.555491
1026.490047 243.963999
884.102457 339.102521
788.964978 481.489958
755.554944 649.445022
788.964978 817.399985
884.102457 959.784930
1026.490047 1054.925003
1194.444959 1088.332494
1362.400073 1054.925003
1504.784917 959.784930
1599.924889 817.399985

[OBSTACLE]
2703.900082 649.445022
2670.474790 481.489958
2575.349873 339.102521
2432.954857 243.963999
2264.999946 210.555491
2097.045035 243.963999
1954.657343 339.102521
1859.519812 481.489958
1826.109983 649.445022
1859.519812 817.399985
1954.657343 959.784930
2097.045035 1054.925003
2264.999946 1088.332494
2432.954857 1054.925003
2575.349873 959.784930
2670.474790 817.399985

[OBSTACLE]
3773.900057 649.445022
3740.474764 481.489958
3645.349848 339.102521
3502.949949 243.963999
3334.999920 210.555491
3167.049892 243.963999
3024.649993 339.102521
2929.525077 481.489958
2896.099784 649.445022
2929.525077 817.399985
3024.649993 959.784930
3167.049892 1054.925003
3334.999920 1088.332494
3502.949949 1054.925003
3645.349848 959.784930
3740.474764 817.399985

[OBSTACLE]
4844.449754 649.445022
4811.024869 481.489958
4715.899953 339.102521
4573.500054 243.963999
4405.550025 210.555491
4237.599997 243.963999
4095.224919 339.102521
4000.074774 481.489958
3966.675117 649.445022
4000.074774 817.399985
4095.224919 959.784930
4237.599997 1054.925003
4405.550025 1088.332494
4573.500054 1054.925003
4715.899953 959.784930
4811.024869 817.399985

[OBSTACLE]
563.332455 4400.550025
529.925016 4232.599997
434.784993 4090.224919
292.399997 3995.074775
124.444501 3961.675117
-43.510999 3995.074775
-185.896755 4090.224919
-281.034997 4232.599997
-314.444979 4400.550025
-281.034997 4568.500054
-185.896755 4710.899953
-43.510999 4806.024869
124.444501 4839.449754
292.399997 4806.024869
434.784993 4710.899953
529.925016 4568.500054

[OBSTACLE]
1633.332481 4400.550025
1599.924889 4232.599997
1504.784917 4090.224919
1362.400073 3995.074775
1194.444959 3961.675117
1026.490047 3995.074775
884.102457 4090.224919
788.964978 4232.599997
755.554944 4400.550025
788.964978 4568.500054
884.102457 4710.899953
1026.490047 4806.024869
1194.444959 4839.449754
1362.400073 4806.024869
1504.784917 4710.899953
1599.924889 4568.500054



