[BORDER]
0.000000 0.000000
7000.000000 0.000000
7000.000000 7000.000000
0.000000 7000.000000

[OBSTACLE]
2240.000000 -70.000000
2415.000000 -70.000000
2415.000000 5670.000000
2240.000000 5670.000000

[OBSTACLE]
2205.000000 6125.000000
2415.000000 6125.000000
2415.000000 7140.000000
2205.000000 7140.000000

[OBSTACLE]
4550.000000 7140.000000
4760.000000 7140.000000
4760.000000 1260.000000
4550.000000 1260.000000

[OBSTACLE]
4550.000000 1050.000000
4725.000000 1050.000000
4725.000000 -140.000000
4550.000000 -140.000000

[OBSTACLE]
-175.000000 2415.000000
1960.000000 2415.000000
1960.000000 2275.000000
-175.000000 2275.000000

[OBSTACLE]
2730.000000 2450.000000
6580.000000 2450.000000
6580.000000 2240.000000
2730.000000 2240.000000

[OBSTACLE]
350.000000 4795.000000
4270.000000 4795.000000
4270.000000 4620.000000
350.000000 4620.000000

[OBSTACLE]
5075.000000 4760.000000
7245.000000 4760.000000
7245.000000 4585.000000
5075.000000 4585.000000

[OBSTACLE]
315.000000 5075.000000
455.000000 5075.000000
455.000000 4340.000000
315.000000 4340.000000

[OBSTACLE]
1855.000000 5705.000000
2800.000000 5705.000000
2800.000000 5530.000000
1855.000000 5530.000000

[OBSTACLE]
1855.000000 6195.000000
2800.000000 6195.000000
2800.000000 5950.000000
1855.000000 5950.000000

[OBSTACLE]
1820.000000 2800.000000
1995.000000 2800.000000
1995.000000 1715.000000
1820.000000 1715.000000

[OBSTACLE]
4060.000000 1085.000000
5110.000000 1085.000000
5110.000000 910.000000
4060.000000 910.000000

[OBSTACLE]
6370.000000 2905.000000
6615.000000 2905.000000
6615.000000 1785.000000
6370.000000 1785.000000

[OBSTACLE]
5040.000000 5075.000000
5215.000000 5075.000000
5215.000000 4270.000000
5040.000000 4270.000000

[OBSTACLE]
4095.000000 5285.000000
4305.000000 5285.000000
4305.000000 4235.000000
4095.000000 4235.000000

[OBSTACLE]
4095.000000 1260.000000
5145.000000 1260.000000
5145.000000 1435.000000
4095.000000 1435.000000



