[BORDER]
0.000000 0.000000
4000.000000 0.000000
4000.000000 4000.000000
0.000000 4000.000000

[OBSTACLE]
1280.000000 -40.000000
1380.000000 -40.000000
1380.000000 3240.000000
1280.000000 3240.000000

[OBSTACLE]
1260.000000 3500.000000
1380.000000 3500.000000
1380.000000 4080.000000
1260.000000 4080.000000

[OBSTACLE]
2600.000000 4080.000000
2720.000000 4080.000000
2720.000000 720.000000
2600.000000 720.000000

[OBSTACLE]
-100.000000 1380.000000
1000.000000 1380.000000
1000.000000 1300.000000
-100.000000 1300.000000

[OBSTACLE]
2600.000000 440.000000
2700.000000 440.000000
2700.000000 -80.000000
2600.000000 -80.000000

[OBSTACLE]
1720.000000 1400.000000
3660.000000 1400.000000
3660.000000 1280.000000
1720.000000 1280.000000

[OBSTACLE]
3080.000000 2720.000000
4140.000000 2720.000000
4140.000000 2620.000000
3080.000000 2620.000000

[OBSTACLE]
300.000000 2740.000000
2160.000000 2740.000000
2160.000000 2640.000000
300.000000 2640.000000



