[BORDER]
0.000000 0.000000
12735.000000 0.000000
12735.000000 4365.000000
0.000000 4365.000000

[OBSTACLE]
2385.000000 540.000000
2745.000000 540.000000
2745.000000 -45.000000
2385.000000 -45.000000

[OBSTACLE]
2385.000000 4455.000000
2745.000000 4455.000000
2745.000000 720.000000
2385.000000 720.000000

[OBSTACLE]
9495.000000 -90.000000
9855.000000 -90.000000
9855.000000 990.000000
9495.000000 990.000000

[OBSTACLE]
9495.000000 1125.000000
9855.000000 1125.000000
9855.000000 4545.000000
9495.000000 4545.000000

[OBSTACLE]
5940.000000 4500.000000
6255.000000 4500.000000
6255.000000 3555.000000
5940.000000 3555.000000

[OBSTACLE]
5940.000000 3420.000000
6255.000000 3420.000000
6255.000000 -90.000000
5940.000000 -90.000000



