[BORDER]
0.000000 0.000000
8490.000000 0.000000
8490.000000 2910.000000
0.000000 2910.000000

[OBSTACLE]
1590.000000 2970.000000
1830.000000 2970.000000
1830.000000 480.000000
1590.000000 480.000000

[OBSTACLE]
3960.000000 3000.000000
4170.000000 3000.000000
4170.000000 2370.000000
3960.000000 2370.000000

[OBSTACLE]
6330.000000 750.000000
6570.000000 750.000000
6570.000000 3030.000000
6330.000000 3030.000000

[OBSTACLE]
1590.000000 240.000000
1830.000000 240.000000
1830.000000 -30.000000
1590.000000 -30.000000

[OBSTACLE]
3960.000000 2160.000000
4170.000000 2160.000000
4170.000000 -60.000000
3960.000000 -60.000000

[OBSTACLE]
6330.000000 -60.000000
6570.000000 -60.000000
6570.000000 510.000000
6330.000000 510.000000



