[BORDER]
0.000000 0.000000
6000.000000 0.000000
6000.000000 6000.000000
0.000000 6000.000000

[OBSTACLE]
300.000000 5280.000000
1500.000000 5280.000000
1500.000000 4530.000000
300.000000 4530.000000

[OBSTACLE]
1710.000000 5280.000000
2910.000000 5280.000000
2910.000000 4530.000000
1710.000000 4530.000000

[OBSTACLE]
3120.000000 5280.000000
4320.000000 5280.000000
4320.000000 4530.000000
3120.000000 4530.000000

[OBSTACLE]
4500.000000 5280.000000
5700.000000 5280.000000
5700.000000 4530.000000
4500.000000 4530.000000

[OBSTACLE]
960.000000 4290.000000
2160.000000 4290.000000
2160.000000 3540.000000
960.000000 3540.000000

[OBSTACLE]
2370.000000 4290.000000
3570.000000 4290.000000
3570.000000 3540.000000
2370.000000 3540.000000

[OBSTACLE]
3780.000000 4290.000000
4980.000000 4290.000000
4980.000000 3540.000000
3780.000000 3540.000000

[OBSTACLE]
5160.000000 4290.000000
6360.000000 4290.000000
6360.000000 3540.000000
5160.000000 3540.000000

[OBSTACLE]
-480.000000 4290.000000
720.000000 4290.000000
720.000000 3540.000000
-480.000000 3540.000000

[OBSTACLE]
300.000000 3300.000000
1500.000000 3300.000000
1500.000000 2550.000000
300.000000 2550.000000

[OBSTACLE]
1710.000000 3300.000000
2910.000000 3300.000000
2910.000000 2550.000000
1710.000000 2550.000000

[OBSTACLE]
3120.000000 3300.000000
4320.000000 3300.000000
4320.000000 2550.000000
3120.000000 2550.000000

[OBSTACLE]
4500.000000 3300.000000
5700.000000 3300.000000
5700.000000 2550.000000
4500.000000 2550.000000

[OBSTACLE]
960.000000 2310.000000
2160.000000 2310.000000
2160.000000 1560.000000
960.000000 1560.000000

[OBSTACLE]
2370.000000 2310.000000
3570.000000 2310.000000
3570.000000 1560.000000
2370.000000 1560.000000

[OBSTACLE]
3780.000000 2310.000000
4980.000000 2310.000000
4980.000000 1560.000000
3780.000000 1560.000000

[OBSTACLE]
5160.000000 2310.000000
6360.000000 2310.000000
6360.000000 1560.000000
5160.000000 1560.000000

[OBSTACLE]
-480.000000 2310.000000
720.000000 2310.000000
720.000000 1560.000000
-480.000000 1560.000000

[OBSTACLE]
300.000000 1320.000000
1500.000000 1320.000000
1500.000000 570.000000
300.000000 570.000000

[OBSTACLE]
1710.000000 1320.000000
2910.000000 1320.000000
2910.000000 570.000000
1710.000000 570.000000

[OBSTACLE]
3120.000000 1320.000000
4320.000000 1320.000000
4320.000000 570.000000
3120.000000 570.000000

[OBSTACLE]
4500.000000 1320.000000
5700.000000 1320.000000
5700.000000 570.000000
4500.000000 570.000000



