[BORDER]
0.000000 0.000000
4000.000000 0.000000
4000.000000 4000.000000
0.000000 4000.000000

[OBSTACLE]
1900.000000 100.000000
1900.000000 2500.000000
700.000000 2500.000000
700.000000 1500.000000
1300.000000 1500.000000
1300.000000 1100.000000
300.000000 1100.000000
300.000000 2900.000000
3700.000000 2900.000000
3700.000000 1100.000000
2700.000000 1100.000000
2700.000000 1500.000000
3300.000000 1500.000000
3300.000000 2500.000000
2100.000000 2500.000000
2100.000000 100.000000
3900.000000 100.000000
3900.000000 300.000000
2300.000000 300.000000
2300.000000 2300.000000
3100.000000 2300.000000
3100.000000 1700.000000
2500.000000 1700.000000
2500.000000 900.000000
3900.000000 900.000000
3900.000000 3100.000000
100.000000 3100.000000
100.000000 900.000000
1500.000000 900.000000
1500.000000 1700.000000
900.000000 1700.000000
900.000000 2300.000000
1700.000000 2300.000000
1700.000000 300.000000
100.000000 300.000000
100.000000 100.000000
-200.000000 100.000000
-200.000000 4200.000000
4200.000000 4200.000000
4200.000000 -200.000000
-200.000000 -200.000000
-200.000000 100.000000



