[BORDER]
0.000000 0.000000
6001.339844 0.000000
6001.339844 6001.339844
0.000000 6001.339844

[OBSTACLE]
2850.659912 149.777802
2850.659912 3750.659912
1050.222046 3750.659912
1050.222046 2250.659912
1950.222046 2250.659912
1950.222046 1650.222046
449.778015 1650.222046
449.778015 4351.120117
5551.560059 4351.120117
5551.560059 1650.222046
4051.120117 1650.222046
4051.120117 2250.659912
4951.120117 2250.659912
4951.120117 3750.659912
3150.659912 3750.659912
3150.659912 149.777802
5851.560059 149.777802
5851.560059 449.778015
3450.659912 449.778015
3450.659912 3450.659912
4651.120117 3450.659912
4651.120117 2550.659912
3750.659912 2550.659912
3750.659912 1350.222046
5851.560059 1350.222046
5851.560059 4651.120117
149.777802 4651.120117
149.777802 1350.222046
2250.659912 1350.222046
2250.659912 2550.659912
1350.222046 2550.659912
1350.222046 3450.659912
2550.659912 3450.659912
2550.659912 449.778015
149.777802 449.778015
149.777802 149.777802
-300.000000 149.777802
-300.000000 6301.339844
6301.339844 6301.339844
6301.339844 -300.000000
-300.000000 -300.000000
-300.000000 149.777802



