[BORDER]
0.000000 0.000000
6000.000000 0.000000
6000.000000 6000.000000
0.000000 6000.000000

[OBSTACLE]
1110.000000 -60.000000
1110.000000 2850.000000
2640.000000 2850.000000
2640.000000 2070.000000
2070.000000 2070.000000
2070.000000 2550.000000
1380.000000 2550.000000
1380.000000 870.000000
3450.000000 870.000000
3450.000000 2040.000000
4080.000000 2040.000000
4080.000000 930.000000
4830.000000 930.000000
4830.000000 4080.000000
2430.000000 4080.000000
2430.000000 3570.000000
1980.000000 3570.000000
1980.000000 4770.000000
3360.000000 4770.000000
3360.000000 5340.000000
5010.000000 5340.000000
5010.000000 -60.000000

[OBSTACLE]
1110.000000 3090.000000
2820.000000 3090.000000
2820.000000 1830.000000
1860.000000 1830.000000
1860.000000 2370.000000
1590.000000 2370.000000
1590.000000 1110.000000
3240.000000 1110.000000
3240.000000 2280.000000
4290.000000 2280.000000
4290.000000 1140.000000
4650.000000 1140.000000
4650.000000 3870.000000
2610.000000 3870.000000
2610.000000 3330.000000
1740.000000 3330.000000
1740.000000 4980.000000
3150.000000 4980.000000
3150.000000 5520.000000
5010.000000 5520.000000
5010.000000 6060.000000
1110.000000 6060.000000



