[BORDER]
0.000000 0.000000
4093.340088 0.000000
4093.340088 4093.340088
0.000000 4093.340088

[OBSTACLE]
1944.443970 51.111198
1948.887939 2516.000000
736.888000 2517.340088
736.888000 1494.222046
1279.112061 1494.222046
1279.112061 1187.112061
440.000000 1187.112061
440.000000 2906.219971
3673.780029 2906.219971
3673.780029 1176.887939
2783.560059 1176.887939
2783.560059 1484.000000
3336.000000 1484.000000
3336.000000 2517.340088
2138.659912 2517.340088
2138.659912 51.111198
3980.439941 51.111198
3980.439941 327.556000
2404.879883 327.556000
2404.879883 2261.340088
3080.000000 2261.340088
3080.000000 1719.112061
2537.780029 1719.112061
2536.000000 932.443970
3919.120117 931.112000
3919.120117 3162.219971
194.666595 3162.219971
187.111206 932.443970
1557.333984 932.443970
1555.556030 1739.556030
1003.112000 1739.556030
1003.112000 2272.000000
1698.666016 2272.000000
1698.666016 317.334015
82.222198 317.334015
82.222198 51.111198
-122.666603 51.111198
-122.666603 4195.560059
4200.000000 4198.660156
4195.560059 -143.111206
-122.666603 -143.111206
-122.666603 51.111198



