[BORDER]
0.000000 0.000000
8000.000000 0.000000
8000.000000 8000.000000
0.000000 8000.000000

[OBSTACLE]
581.247986 7722.959961
251.456802 7411.439941
654.536011 6953.359863
801.107971 6678.520020
1112.579956 6843.399902
1149.223999 7209.879883
984.328003 7393.120117
764.463989 7521.399902

[OBSTACLE]
1117.112061 6554.799805
931.619995 6489.839844
977.992004 6369.240234
1080.015991 6248.640137
1441.723999 6248.640137
1590.119995 6415.640137
1460.276001 6629.000000
1358.251953 6740.319824

[OBSTACLE]
1719.963989 6332.120117
1645.767944 6230.080078
1636.491943 6081.640137
1784.887939 5905.399902
2007.479980 5905.399902
2294.991943 6053.839844
2257.892090 6285.759766
2053.852051 6489.839844
1896.183960 6554.799805

[OBSTACLE]
1209.859985 6053.839844
1515.923950 6007.439941
1719.963989 5831.160156
1673.592041 5627.080078
1562.296021 5358.040039
1376.803955 5515.759766
1089.287964 5664.200195
1098.563965 5840.439941

[OBSTACLE]
2053.852051 5775.520020
1877.631958 5701.279785
1803.436035 5497.200195
1692.140015 5320.919922
1821.984009 5181.759766
2137.323975 5079.720215
2452.659912 5293.120117
2554.679932 5571.399902
2424.835938 5756.959961
2267.167969 5784.799805

[OBSTACLE]
1330.427979 7148.520020
1330.427979 6990.799805
1460.276001 6879.479980
1599.395996 6666.120117
1784.887939 6703.240234
1812.712036 6879.479980
1710.687988 7194.919922

[OBSTACLE]
2638.152100 6063.120117
2545.407959 5905.399902
2638.152100 5552.879883
2934.939941 5515.759766
3111.159912 5701.279785

[OBSTACLE]
2916.392090 5404.439941
2665.976074 5450.799805
2610.327881 5274.560059
2536.132080 5061.160156
2851.468018 4959.120117
3129.708008 5051.919922
3129.708008 5283.839844

[OBSTACLE]
2211.520020 5005.520020
2378.464111 5061.160156
2601.055908 4949.839844
2805.095947 4866.359863
2730.899902 4653.000000
2378.464111 4569.479980
2183.696045 4782.879883

[OBSTACLE]
2842.196045 4486.000000
3009.139893 4801.399902
3268.827881 4866.359863
3602.716064 4625.160156
3519.243896 4319.000000
3324.476074 3994.312012
2944.216064 4152.040039

[OBSTACLE]
3426.496094 5432.279785
3305.927979 5191.040039
3268.827881 5061.160156
3454.320068 4903.479980
3788.208008 4968.399902
3834.580078 5256.000000

[OBSTACLE]
4047.879883 4755.040039
3816.031982 4801.399902
3732.560059 4643.720215
3825.308105 4365.399902
4131.359863 4365.399902
4279.759766 4625.160156

[OBSTACLE]
3714.011963 4254.080078
3417.224121 3957.204102
3584.164062 3771.664062
4029.360107 3632.508057
4261.200195 3957.204102
4103.560059 4142.759766
3964.424072 4179.839844

[OBSTACLE]
4669.279785 4662.279785
4409.600098 4504.560059
4224.120117 4272.640137
4251.919922 4114.919922
4428.160156 3966.483887
4687.839844 3994.312012
4910.439941 4216.959961

[OBSTACLE]
4381.799805 3882.988037
4159.200195 3623.231934
4196.279785 3428.412109
4456.000000 3298.531982
5021.720215 3057.327881
5058.839844 3298.531982
4817.680176 3576.843994
4687.839844 3743.832031

[OBSTACLE]
5068.120117 4096.359863
4743.479980 3873.711914
4864.080078 3716.000000
4993.919922 3511.904053
5160.839844 3539.736084
5346.359863 3845.879883
5596.759766 4059.239990
5253.600098 4226.240234

[OBSTACLE]
5763.720215 3799.496094
5337.080078 3521.184082
5420.560059 3298.531982
5791.520020 3168.652100
5949.200195 3400.580078
5939.919922 3716.000000

[OBSTACLE]
5262.879883 3168.652100
5188.680176 2881.063965
5559.680176 2630.583984
5791.520020 2704.800049
5708.040039 2992.387939
5513.279785 3094.436035

[OBSTACLE]
6273.799805 3446.968018
5939.919922 3168.652100
5967.759766 3010.944092
6199.600098 2788.291992
6459.319824 2788.291992
6765.359863 2992.387939
6385.120117 3400.580078

[OBSTACLE]
6004.839844 2779.016113
5958.479980 2463.595947
6051.200195 2250.224121
6301.640137 2148.176025
6589.160156 2231.667969
6375.839844 2491.427979

[OBSTACLE]
6746.799805 2779.016113
6366.560059 2649.135986
6570.600098 2389.379883
6811.720215 2296.607910
7646.439941 2639.860107
7256.919922 2816.124023
7127.080078 3048.052002
6941.600098 2992.387939

[OBSTACLE]
6709.720215 2129.620117
6450.040039 1944.079956
6635.520020 1637.936035
6923.040039 1526.612061
7127.080078 1739.984009
6950.839844 2111.068115

[OBSTACLE]
7192.000000 1396.732056
7442.399902 654.564026
7655.720215 738.059998
7609.359863 1109.144043
7405.319824 1480.223999

[OBSTACLE]
6552.040039 1433.839966
7071.439941 1359.624023
7201.279785 951.432007
7080.720215 654.564026
6783.919922 784.443970
6496.399902 1146.251953

[OBSTACLE]
7618.640137 2426.488037
7034.319824 2259.500000
7182.720215 2018.296021
7284.759766 1749.260010
7229.080078 1591.552002
7544.439941 1600.828003
7887.600098 1610.104004
7776.279785 1906.972046
7804.120117 2194.560059

[OBSTACLE]
5476.200195 2472.872070
5856.439941 2268.775879
5791.520020 1934.803955
5318.520020 1684.319946
5086.640137 2259.500000

[OBSTACLE]
6236.720215 1860.583984
5763.720215 1702.875977
5735.879883 1387.456055
6181.080078 1220.468018
6292.359863 1498.780029

[OBSTACLE]
4149.919922 2964.555908
4697.120117 2871.788086
5040.279785 1990.463989
3908.775879 2259.500000

[OBSTACLE]
3092.612061 3651.060059
3816.031982 3057.327881
3417.224121 2537.812012
2879.291992 2862.511963
2601.055908 3576.843994

[OBSTACLE]
1376.803955 4680.799805
1859.083984 4421.040039
2304.268066 4077.800049
1747.787964 3660.340088
1274.784058 4068.520020

[OBSTACLE]
236.023193 5636.359863
783.228027 5487.919922
885.247986 4745.759766
746.127991 4189.120117
291.671204 4699.359863

[OBSTACLE]
4919.720215 1294.683960
5893.560059 997.815979
6004.839844 441.191986
5568.919922 311.313599
4864.080078 589.624023

[OBSTACLE]
2888.568115 1749.260010
3751.107910 1276.128052
3463.595947 840.107971
2823.644043 960.708008
2712.352051 1470.947998

[OBSTACLE]
532.812012 803.000000
1256.232056 1239.020020
1571.572021 858.659973
1348.979980 663.843994
820.323975 487.575989
616.283997 626.736023

[OBSTACLE]
1200.583984 3279.979980
634.831970 3140.823975
375.142792 2686.243896
681.203979 2445.040039
1376.803955 2342.991943
1692.140015 2111.068115
2044.576050 2250.224121
2118.771973 2695.523926
2081.676025 3094.436035
1645.767944 3131.543945
1432.452026 3252.147949

[OBSTACLE]
1821.984009 7779.359863
2267.167969 7194.919922
2471.208008 6935.160156
2740.176025 6972.240234
2860.743896 7287.680176
2628.879883 7566.000000
2192.971924 7844.319824

[OBSTACLE]
3649.087891 6406.359863
3435.771973 6137.319824
3862.404053 5738.399902
4307.600098 5469.359863
4660.040039 5376.600098
5058.839844 4986.959961
4891.879883 5571.399902
4474.520020 5868.279785
4177.759766 6155.879883
4057.159912 6471.279785

[OBSTACLE]
5977.040039 4680.799805
5791.520020 4615.879883
6357.279785 3855.156006
6765.359863 4059.239990
6273.799805 4745.759766
6579.879883 5181.759766
6236.720215 5163.240234

[OBSTACLE]
7368.200195 3382.028076
6783.919922 3716.000000
7071.439941 4096.359863
7618.640137 4059.239990
8036.000000 3409.855957
7989.600098 3020.219971

[OBSTACLE]
3695.459961 7853.560059
3769.659912 7278.399902
4687.839844 7083.600098
4901.160156 6684.680176
4975.359863 6146.600098
5772.959961 6517.680176
5031.000000 7259.839844
4224.120117 7927.799805

[OBSTACLE]
6663.359863 7250.560059
6385.120117 6285.759766
7108.520020 6684.680176

[OBSTACLE]
7748.479980 6211.520020
7423.879883 5450.799805
8017.439941 5886.839844



