[BORDER]
0.000000 0.000000
8000.000060 0.000000
8000.000060 8000.000060
0.000000 8000.000060

[OBSTACLE]
1210.144106 7971.559955
2307.956180 7962.079920
3803.251764 7204.759602
3755.936226 7006.000052
3632.904107 6920.799531
3472.016302 6939.720104
3273.276066 6996.520017
3093.460092 7043.839896
2979.891949 6996.520017
2951.500022 6882.920190
3017.748069 6674.639807
3150.243947 6523.200569
3225.956187 6400.119839
3188.100284 6267.600307
3093.460092 6239.200567

[OBSTACLE]
3945.211835 7100.639810
3945.211835 6892.399791
3841.108102 6797.720103
3604.512180 6703.040415
3472.016302 6759.839894
3244.884139 6797.720103
3263.811873 6665.200570
3386.840303 6561.079910
3509.871988 6362.279995
3443.624158 6191.880254
3311.132186 6097.200566
4825.360279 4904.440141
4986.240489 4951.759586
5241.759588 4989.639794
5383.720092 5160.039969
5374.279988 5377.759589
5279.639796 5642.839886
5279.639796 5860.559939
5421.600301 6021.480080
5544.600302 6078.279993

[OBSTACLE]
5705.480077 5964.680600
5563.559937 5870.000044
5468.920180 5728.000043
5506.759590 5595.480076
5544.600302 5387.240492
5573.000042 5197.879813
5554.079902 5018.039968
5487.839885 4885.520002
5279.639796 4819.240487
5043.039968 4734.039966
6273.319491 3730.608101
6585.639806 3077.424068
6642.440154 2613.572068
6860.079912 2736.632182
6983.119844 3049.024111
7011.520018 3285.684269
7181.880262 3465.548203
7446.840333 3550.743950
6907.399791 5065.360281

[OBSTACLE]
7541.480091 3238.352238
7333.279569 3086.891950
7248.119846 2831.296028
7210.280002 2575.704012
7011.520018 2395.844202
6793.839894 2339.043854
6964.200573 1922.524103
7257.600314 1023.212030
7569.880265 493.096032
7882.200580 436.295983
7976.840337 2272.779965

[OBSTACLE]
1891.543851 3200.487871
1541.380003 3077.424068
1626.556002 2897.563824
1721.192070 2670.367858
1967.256091 2651.436001
2232.243940 2736.632182
2213.315989 3039.559918

[OBSTACLE]
3207.028019 1931.987862
3131.315779 1733.195976
3311.132186 1354.540049
3661.296034 1430.267914
3803.251764 1714.260104

[OBSTACLE]
1162.824010 5775.360286
500.347985 5141.120264
859.976026 4951.759586
1579.236014 4487.920172
1891.543851 4885.520002
1636.019977 5216.839883
1475.131955 5529.240493

[OBSTACLE]
3462.552109 4535.240485
2970.427974 4260.720084
3102.924068 3730.608101
4011.440134 3295.151934
4399.480068 3541.276068
4172.360274 4061.920169
3878.964439 4241.799945

[OBSTACLE]
5175.520004 2708.236131
4768.559931 2736.632182
4380.559928 2187.580094
5185.000039 1761.592136
5828.520009 1108.411901
6008.360288 1723.728094

[OBSTACLE]
1247.995886 7479.319500
453.027998 7204.759602
1001.935988 6693.600310
1796.903985 6438.000048
1891.543851 6731.440154
1815.832045 7015.440156

[OBSTACLE]
2809.543858 6191.880254
3330.059921 5756.399782
3235.419946 5444.039971
2819.008268 5377.759589
2194.388037 5775.360286

[OBSTACLE]
4219.680587 4876.039967
4333.240484 4582.600295
4626.600295 4118.720083
4957.839881 4090.319909
4910.520002 4402.720085

[OBSTACLE]
5705.480077 3617.008273
5402.639797 3427.680147
5733.880251 3039.559918
6159.759595 2556.771937
6367.959683 2869.164084

[OBSTACLE]
4011.440134 7924.240510
3699.151937 7715.960127
3860.035619 7507.720542
4172.360274 7365.720541
4872.680592 7242.639811
4749.639792 7678.079918

[OBSTACLE]
5222.839883 7129.040418
4749.639792 6892.399791
5137.680594 6636.799529
5781.200564 6447.480083
5809.600304 6778.799530

[OBSTACLE]
6292.279995 6390.680603
6131.360289 6172.920185
6330.119839 5888.959679
6784.399790 5642.839886
7068.319497 5709.079904
6964.200573 6068.799524
6756.000050 6352.799526

[OBSTACLE]
7314.360298 5387.240492
7219.720106 5216.839883
7248.119846 4904.440141
7446.840333 4639.399774
7815.960128 4582.600295
8090.399366 5055.920177

[OBSTACLE]
7929.520024 4298.600292
7711.840335 4099.799944
7778.079919 3806.335966
7882.200580 3503.412135
8213.440165 3418.216171
8421.638952 3503.412135
8345.920201 3938.868085
8128.279574 4355.399772

[OBSTACLE]
5185.000039 7810.639815
5080.879812 7630.759605
5185.000039 7346.759603
5449.960110 7261.559950
5544.600302 7308.920193
5620.319486 7649.680613

[OBSTACLE]
6074.600306 7157.440157
5970.480079 6968.119844
6027.279993 6646.240501
6311.200568 6608.399789
6528.880257 6674.639807
6491.000048 6930.240503

[OBSTACLE]
7238.639811 6239.200567
7210.280002 5926.799523
7229.200575 5652.279990
7409.000055 5548.160198
7740.240509 5481.880249
7787.559954 5728.000043

[OBSTACLE]
5932.639801 8198.759610
5733.880251 7763.279572
5885.319488 7507.720542
6263.880255 7488.759604
6216.559942 7924.240510

[OBSTACLE]
6746.520016 7195.319498
6651.880258 6882.920190
6888.480086 6475.880257
7200.799533 6447.480083
7541.480091 6722.000050
7106.160209 7072.240504

[OBSTACLE]
7759.159780 6674.639807
7588.799536 6305.480082
7702.399363 6116.160202
8033.639817 6012.000045
8156.639818 6475.880257
8052.559956 6835.600311



