[BORDER]
0.000000 0.000000
4000.000000 0.000000
4000.000000 4000.000000
0.000000 4000.000000

[OBSTACLE]
143.872803 3845.820068
138.638000 3175.580078
1075.689941 3186.060059
1049.514038 3830.120117

[OBSTACLE]
1122.803955 3819.639893
1133.274048 3191.300049
1908.041992 3175.580078
1850.458008 3798.699951

[OBSTACLE]
1939.452026 3793.459961
2033.680054 3196.520020
2698.520020 3175.580078
2661.879883 3824.879883

[OBSTACLE]
2777.040039 3809.179932
2803.219971 3186.060059
3426.159912 3154.639893
3426.159912 3798.699951

[OBSTACLE]
641.190002 3055.139893
1536.362061 3065.620117
1159.447998 2473.919922

[OBSTACLE]
1672.469971 3055.139893
2373.939941 3034.199951
2091.260010 2400.620117

[OBSTACLE]
2536.239990 3028.959961
3248.179932 3028.959961
2866.040039 2395.379883

[OBSTACLE]
395.149994 2672.899902
238.102005 2599.580078
143.872803 2384.899902
112.463203 2185.919922
201.455994 2081.199951
426.558014 1924.105957
735.419983 1965.995972
955.286011 2123.080078
881.995972 2505.340088
704.010010 2662.419922

[OBSTACLE]
1578.241943 2651.959961
1431.663940 2515.800049
1285.086060 2285.419922
1311.260010 2107.379883
1421.193970 1981.706055
1635.826050 1965.995972
1876.631958 2102.139893
1897.572021 2301.120117
1792.874023 2531.520020

[OBSTACLE]
2567.639893 2683.379883
2389.659912 2667.659912
2269.260010 2536.760010
2101.739990 2180.679932
2159.320068 1992.177979
2499.580078 1897.926025
2688.040039 1992.177979
2719.459961 2222.580078
2635.699951 2494.860107

[OBSTACLE]
3379.060059 2720.020020
3075.419922 2583.879883
3002.139893 2337.780029
2991.679932 2128.320068
3237.719971 1971.234009
3488.979980 1897.926025
3714.100098 2149.260010
3766.439941 2395.379883
3562.280029 2683.379883

[OBSTACLE]
1070.453979 1840.326050
798.237976 1473.784058
861.057983 1232.913940
1033.810059 1065.352051
1185.621948 1185.787964
1306.026001 1515.673950
1206.562012 1740.836060

[OBSTACLE]
1897.572021 1761.781982
1771.933960 1651.817993
1688.176025 1447.602051
1714.349976 1264.332031
1845.222046 1107.244019
2133.139893 1102.005981
2206.439941 1400.475952
2028.439941 1667.527954

[OBSTACLE]
2881.739990 1746.072021
2593.820068 1568.037964
2609.520020 1390.004028
2708.979980 1081.062012
3044.020020 997.280029
3127.780029 1238.150024
3033.560059 1431.894043
3075.419922 1630.874023

[OBSTACLE]
3583.219971 1468.547974
3379.060059 1065.352051
3672.219971 625.504028
3824.020020 719.755981
3834.500000 992.044006
3881.600098 1248.624023

[OBSTACLE]
374.209991 892.554016
170.047394 557.432007
358.503998 526.013977
735.419983 651.684021
546.961975 908.263977

[OBSTACLE]
1468.307983 719.755981
1185.621948 724.994019
1138.508057 536.486023
1321.729980 342.742004
1567.771973 332.269989
1667.235962 609.794006

[OBSTACLE]
2337.300049 735.466003
2274.479980 719.755981
2175.020020 494.596008
2237.840088 368.924011
2515.300049 384.634003
2729.919922 646.447998
2483.879883 840.192017

[OBSTACLE]
3185.360107 772.119995
3033.560059 651.684021
3023.080078 400.342010
3242.939941 264.197998
3420.939941 431.760010
3363.360107 641.211975

[OBSTACLE]
724.950012 374.160004
704.010010 264.197998
918.642029 196.126404
881.995972 342.742004

[OBSTACLE]
1866.161987 269.433990
1777.167969 164.708603
1944.686035 133.290802
2059.860107 196.126404

[OBSTACLE]
2756.100098 238.016006
2677.580078 169.945007
2892.199951 91.400398
2918.379883 180.417603

[OBSTACLE]
3698.379883 327.033997
3640.800049 196.126404
3766.439941 122.818199
3939.199951 363.687988

[OBSTACLE]
253.806000 1536.619995
159.577606 1379.531982
452.734009 1232.913940
484.141998 1479.020020



