[BORDER]
0.000000 0.000000
5000.000000 0.000000
5000.000000 5000.000000
0.000000 5000.000000

[OBSTACLE]
-350.000000 200.000000
348.332489 196.666748
1.666667 803.332520

[OBSTACLE]
500.000000 200.000000
1198.332520 196.666748
851.667480 803.332520

[OBSTACLE]
1350.000000 200.000000
2048.332520 196.666748
1701.667480 803.332520

[OBSTACLE]
2200.000000 200.000000
2898.324951 196.666748
2551.675049 803.332520

[OBSTACLE]
3050.000000 200.000000
3748.324951 196.666748
3401.675049 803.332520

[OBSTACLE]
3900.000000 200.000000
4598.324707 196.666748
4251.675293 803.332520

[OBSTACLE]
4750.000000 200.000000
5448.325195 196.666748
5101.675293 803.332520

[OBSTACLE]
-347.777466 1313.332520
350.554993 1310.000000
3.888900 1916.667480

[OBSTACLE]
641.667480 1313.332520
1340.000000 1310.000000
993.332520 1916.667480

[OBSTACLE]
1631.109863 1313.332520
2329.445068 1310.000000
1982.777588 1916.667480

[OBSTACLE]
2620.549805 1313.332520
3318.900146 1310.000000
2972.225098 1916.667480

[OBSTACLE]
3610.000000 1313.332520
4308.324707 1310.000000
3961.675049 1916.667480

[OBSTACLE]
4599.450195 1313.332520
5297.775391 1310.000000
4951.099609 1916.667480

[OBSTACLE]
-330.554993 2695.000000
367.777466 2691.675049
21.111099 3298.324951

[OBSTACLE]
919.445068 2695.000000
1617.777588 2691.675049
1271.109985 3298.324951

[OBSTACLE]
2169.445068 2695.000000
2867.774902 2691.675049
2521.100098 3298.324951

[OBSTACLE]
3419.450195 2695.000000
4117.774902 2691.675049
3771.099854 3298.324951

[OBSTACLE]
4669.450195 2695.000000
5367.775391 2691.675049
5021.099609 3298.324951

[OBSTACLE]
79.444496 1065.554932
777.777466 1068.890015
431.109985 462.222534

[OBSTACLE]
929.445068 1065.554932
1627.777588 1068.890015
1281.109863 462.222534

[OBSTACLE]
1779.445068 1065.554932
2477.777588 1068.890015
2131.109863 462.222534

[OBSTACLE]
2629.450195 1065.554932
3327.774902 1068.890015
2981.099854 462.222534

[OBSTACLE]
3479.450195 1065.554932
4177.774902 1068.890015
3831.099854 462.222534

[OBSTACLE]
4329.450195 1065.554932
5027.774902 1068.890015
4681.099609 462.222534

[OBSTACLE]
133.333252 2305.000000
831.667480 2308.332520
485.000000 1701.667480

[OBSTACLE]
1122.777466 2305.000000
1821.109863 2308.332520
1474.445068 1701.667480

[OBSTACLE]
2112.222412 2305.000000
2810.549805 2308.332520
2463.890137 1701.667480

[OBSTACLE]
3101.675049 2305.000000
3800.000000 2308.332520
3453.324951 1701.667480

[OBSTACLE]
4091.099854 2305.000000
4789.450195 2308.332520
4442.774902 1701.667480

[OBSTACLE]
-342.777466 4358.324707
355.554993 4355.000000
8.888901 4961.675293

[OBSTACLE]
1275.554932 4358.324707
1973.890137 4355.000000
1627.222412 4961.675293

[OBSTACLE]
2893.900146 4358.324707
3592.225098 4355.000000
3245.549805 4961.675293

[OBSTACLE]
4512.225098 4358.324707
5210.549805 4355.000000
4863.900391 4961.675293

[OBSTACLE]
292.222504 3805.000000
990.554932 3808.324951
643.890015 3201.675049

[OBSTACLE]
1542.222412 3805.000000
2240.554932 3808.324951
1893.890137 3201.675049

[OBSTACLE]
2792.225098 3805.000000
3490.549805 3808.324951
3143.900146 3201.675049

[OBSTACLE]
4042.225098 3805.000000
4740.549805 3808.324951
4393.900391 3201.675049



