[BORDER]
0 0
4000 0
4000 4000
0 4000

[OBSTACLE]
100 400
800 400
800 600
100 600

[OBSTACLE]
540 240
760 240
760 100
540 100

[OBSTACLE]
1140 200
1360 200
1360 1140
1140 1140

[OBSTACLE]
480 1500
1920 1500
1920 1340
480 1340

[OBSTACLE]
820 1140
1140 1140
1140 860
820 860

[OBSTACLE]
160 1120
480 1120
480 840
160 840

[OBSTACLE]
3880 3560
2960 3560
2960 3400
3880 3400

[OBSTACLE]
2960 4000
3200 4000
3200 3740
2960 3740

[OBSTACLE]
2440 4000
2600 4000
2600 3020
2440 3020

[OBSTACLE]
2900 3140
3080 3140
3080 2560
2900 2560

[OBSTACLE]
3500 1820
2760 1820
2760 1600
3500 1600

[OBSTACLE]
1280 3040
1480 3040
1480 2400
1280 2400

[OBSTACLE]
1800 2060
2580 2060
2580 2340
1800 2340

[OBSTACLE]
240 3760
400 3760
400 2980
240 2980

[OBSTACLE]
840 3480
1720 3480
1720 3340
840 3340

[OBSTACLE]
580 2380
820 2380
820 1720
580 1720

[OBSTACLE]
2080 1000
3320 1000
3320 800
2080 800

[OBSTACLE]
2680 380
1720 380
1720 180
2680 180

[OBSTACLE]
3400 2920
3600 2920
3600 2220
3400 2220

[OBSTACLE]
1920 3300
2060 3300
2060 2640
1920 2640

[OBSTACLE]
1440 3920
2180 3920
2180 3800
1440 3800

[OBSTACLE]
2180 1840
2320 1840
2320 1240
2180 1240

[OBSTACLE]
3500 1320
3700 1320
3700 100
3500 100

[OBSTACLE]
40 2720
200 2720
200 1600
40 1600

[OBSTACLE]
1220 2020
1480 2020
1480 1780
1220 1780

[OBSTACLE]
680 2980
840 2980
840 2820
680 2820

[OBSTACLE]
680 4000
920 4000
920 3720
680 3720

[OBSTACLE]
1800 1330
1630 1330
1630 670
1800 670

[OBSTACLE]
1800 2060
1950 2060
1950 1740
1800 1740

[OBSTACLE]
2900 2740
2300 2740
2300 2560
2900 2560

[OBSTACLE]
3050 1840
3130 1840
3130 2340
3050 2340

[OBSTACLE]
2570 1020
2680 1020
2680 1390
2570 1390

[OBSTACLE]
1480 2440
1960 2440
1960 2340
1480 2340

[OBSTACLE]
3050 2310
2930 2310
2930 2560
3050 2560

[OBSTACLE]
810 1930
1220 1930
1220 1840
810 1840

[OBSTACLE]
1800 1730
1910 1730
1910 1510
1800 1510
