[BORDER]
4980.759878 38.480038
4996.488688 49.217172
4999.999897 966.810947
4989.273681 982.530068
4468.494377 986.050966
4468.494377 1012.505992
4980.759878 1012.505992
4996.488688 1023.241896
4999.999897 1317.941291
4989.273681 1333.660412
4360.269271 1337.181310
4344.540461 1326.445405
4341.029252 978.835959
4314.574226 978.835959
4314.574226 1702.741668
4341.029252 1702.741668
4341.029252 1382.876354
4351.755468 1367.157233
4980.759878 1363.636336
4996.488688 1374.372240
4999.999897 2169.312125
4989.273681 2185.031148
4360.269271 2188.552144
4344.540461 2177.816141
4341.029252 1849.446811
4314.574226 1849.446811
4314.574226 2575.757523
4341.029252 2575.757523
4341.029252 2234.247188
4351.755468 2218.528165
4980.759878 2215.007169
4996.488688 2225.743172
4999.999897 3104.858041
4989.273681 3120.586850
4355.459266 3124.098060
4339.730457 3113.371843
4336.219247 2765.752709
4307.359219 2765.752709
4307.359219 3489.658418
4336.219247 3489.658418
4336.219247 3169.793105
4346.945464 3154.064295
4980.759878 3150.553086
4996.488688 3161.279302
4999.999897 3956.228875
4989.273681 3971.957684
4355.459266 3975.468894
4339.730457 3964.742677
4336.219247 3636.363562
4307.359219 3636.363562
4307.359219 4360.269271
4336.219247 4360.269271
4336.219247 4021.163939
4346.945464 4005.435129
4980.759878 4001.923920
4996.488688 4012.650136
4999.999897 4550.264457
4989.273681 4565.993266
4345.839257 4569.504476
4345.839257 4598.364504
4980.759878 4598.364504
4996.488688 4609.090720
4999.999897 5608.465493
4989.273681 5624.194303
4521.404428 5627.705512
4505.675619 5616.979295
4502.164410 4987.974885
4512.890626 4972.246076
4860.509761 4968.734867
4860.509761 4942.279841
4134.199049 4942.279841
4134.199049 4968.734867
4454.064363 4968.734867
4469.793172 4979.461083
4473.304381 5608.465493
4462.578165 5624.194303
3670.033595 5627.705512
3654.304785 5616.979295
3650.793576 4987.974885
3661.519792 4972.246076
3989.898908 4968.734867
3989.898908 4942.279841
3263.588197 4942.279841
3263.588197 4968.734867
3602.693529 4968.734867
3618.422338 4979.461083
3621.933547 5608.465493
3611.207331 5624.194303
2734.487678 5627.705512
2718.758869 5616.979295
2715.247659 4983.164881
2725.973876 4967.436071
3073.593010 4963.924862
3073.593010 4935.064834
2349.687301 4935.064834
2349.687301 4963.924862
2669.552615 4963.924862
2685.281424 4974.651078
2688.792634 5608.465493
2678.066417 5624.194303
1883.116844 5627.705512
1867.397821 5616.979295
1863.876826 4983.164881
1874.612828 4967.436071
2202.982158 4963.924862
2202.982158 4935.064834
1479.076449 4935.064834
1479.076449 4963.924862
1818.181781 4963.924862
1833.900804 4974.651078
1837.421800 5608.465493
1826.685797 5624.194303
1524.771493 5627.705512
1509.052372 5616.979295
1505.531475 5153.920048
1479.076449 5153.920048
1479.076449 5608.465493
1468.340544 5624.194303
57.720057 5627.705512
42.002165 5616.979295
38.480038 5057.719954
49.217172 5041.991144
683.020669 5038.479935
698.739790 5049.206151
702.260688 5379.990269
731.120716 5379.990269
731.120716 4653.679558
702.260688 4653.679558
702.260688 4992.784890
691.524783 5008.513700
57.720057 5012.024909
42.002165 5001.298692
38.480038 4163.059078
49.217172 4147.330268
683.020669 4143.819059
698.739790 4154.545275
702.260688 4509.379417
731.120716 4509.379417
731.120716 3783.068705
702.260688 3783.068705
702.260688 4095.719012
691.524783 4111.447821
57.720057 4114.959030
42.002165 4104.232814
38.480038 3246.753180
49.217172 3231.024371
683.020669 3227.513161
698.739790 3238.239378
702.260688 3585.858512
731.120716 3585.858512
731.120716 2861.952803
702.260688 2861.952803
702.260688 3181.818116
691.524783 3197.546926
57.720057 3201.058135
42.002165 3190.331919
38.480038 2395.382346
49.217172 2379.663323
683.020669 2376.142327
698.739790 2386.878330
702.260688 2715.247659
731.120716 2715.247659
731.120716 1991.341950
702.260688 1991.341950
702.260688 2330.447283
691.524783 2346.166306
57.720057 2349.687301
42.002165 2338.951299
38.480038 1459.836430
49.217172 1444.117309
690.235676 1440.596411
705.954797 1451.332316
709.475695 1798.941762
735.930721 1798.941762
735.930721 1075.036053
709.475695 1075.036053
709.475695 1394.901366
698.739790 1410.620487
57.720057 1414.141385
42.002165 1403.405480
38.480038 608.465596
49.217172 592.746524
690.235676 589.225577
705.954797 599.961531
709.475695 928.330909
735.930721 928.330909
735.930721 204.425200
709.475695 204.425200
709.475695 543.530532
698.739790 559.249605
57.720057 562.770551
42.002165 552.034598
38.480038 50.505049
50.505049 38.480038

[obstacle]
3463.203392 2445.887396
3559.403486 2445.887396
3559.403486 2138.047094
3463.203392 2138.047094

[obstacle]
3455.988385 2907.647848
3554.593482 2907.647848
3554.593482 2599.807546
3455.988385 2599.807546

[obstacle]
3436.748366 1856.661819
3535.353463 1856.661819
3535.353463 1548.821517
3436.748366 1548.821517

[obstacle]
2284.752238 1070.226048
3239.538173 1070.226048
3239.538173 1043.771022
2284.752238 1043.771022

[obstacle]
2977.392916 2919.672860
3073.593010 2919.672860
3073.593010 2611.832558
2977.392916 2611.832558

[obstacle]
2970.177909 1851.851814
3066.378003 1851.851814
3066.378003 1541.606510
2970.177909 1541.606510

[obstacle]
2970.177909 2395.382346
3066.378003 2395.382346
3066.378003 2087.542045
2970.177909 2087.542045

[obstacle]
2489.177438 1856.661819
2587.782535 1856.661819
2587.782535 1548.821517
2489.177438 1548.821517

[obstacle]
1329.966303 1421.356392
1358.826331 1421.356392
1358.826331 1101.491079
1369.562236 1085.771958
1964.886925 1082.251060
1980.605948 1092.986965
1984.126943 1887.926849
1973.390941 1903.645872
1378.066350 1907.166868
1362.347229 1896.430865
1358.826331 1568.061536
1329.966303 1568.061536
1329.966303 2291.967245
1358.826331 2291.967245
1358.826331 1952.861913
1369.562236 1937.142889
1964.886925 1933.621894
1980.605948 1944.357896
1984.126943 2823.472765
1973.390941 2839.201575
1370.851343 2842.712784
1355.132221 2831.986568
1351.611324 2484.367433
1325.156298 2484.367433
1325.156298 3208.273142
1351.611324 3208.273142
1351.611324 2888.407829
1362.347229 2872.679020
1964.886925 2869.167810
1980.605948 2879.894027
1984.126943 3674.843599
1973.390941 3690.572409
1370.851343 3694.083618
1355.132221 3683.357402
1351.611324 3354.978286
1325.156298 3354.978286
1325.156298 4117.364033
1798.941762 4117.364033
1798.941762 4090.909007
1370.851343 4090.909007
1355.132221 4080.182790
1351.611324 3739.778663
1362.347229 3724.049854
1964.886925 3720.538644
1980.605948 3731.264861
1984.126943 4086.099002
2010.581969 4086.099002
2010.581969 1055.796034
1378.066350 1055.796034
1362.347229 1045.060129
1358.826331 697.450683
1329.966303 697.450683



