[BORDER]
0.000000 0.000000
9000.000000 0.000000
9000.000000 9000.000000
0.000000 9000.000000

[OBSTACLE]
50.390099 2235.685547
61.254005 464.355011
1821.253418 442.622223
1777.796997 2246.552979

[OBSTACLE]
2125.448975 2203.083008
2136.312012 410.021118
4015.817871 388.286987
3983.224365 2203.083008

[OBSTACLE]
4222.237793 2170.484863
4309.150391 399.154053
6177.780273 410.021118
5993.100098 2137.882568

[OBSTACLE]
6319.035156 2061.814453
6405.930176 442.622223
8372.339844 431.755188
8350.604492 2094.412354

[OBSTACLE]
8643.959961 2061.814453
8665.695312 410.021118
9437.041016 377.419983
9382.725586 1985.741943

[OBSTACLE]
-797.017578 2409.556152
713.105957 2409.556152
713.105957 4354.757812
-764.423950 4430.831055

[OBSTACLE]
941.251587 4333.027344
941.251587 2431.291504
2983.720459 2420.423828
2885.939941 4278.689941

[OBSTACLE]
3124.953125 4256.955078
3320.509277 2463.894043
4993.604492 2387.821777
5037.030273 4246.087891

[OBSTACLE]
5265.180176 4224.356445
5330.385254 2398.688965
7296.795410 2366.090820
7231.634766 4256.955078

[OBSTACLE]
7557.524414 4224.356445
7633.574707 2409.556152
9404.458984 2279.155518
9339.254883 4300.425293

[OBSTACLE]
191.624390 6647.714844
180.760040 4582.979980
1842.979492 4506.885254
1799.522949 6604.245117

[OBSTACLE]
2114.585938 6560.774414
2147.179443 4539.510254
4059.274414 4463.428223
4070.137207 6528.149414

[OBSTACLE]
4287.419922 6506.415039
4330.876465 4485.163086
6123.464844 4474.295898
6079.995117 6495.569824

[OBSTACLE]
6264.719727 6484.680176
6351.615234 4474.295898
8415.810547 4485.163086
8328.915039 6528.149414

[OBSTACLE]
8557.064453 6506.415039
8665.695312 4506.885254
9904.185547 4463.428223
9817.291016 6560.774414

[OBSTACLE]
-981.706543 8984.115234
-905.656494 6886.800293
876.069031 6788.969727
865.206055 9038.475586

[OBSTACLE]
1115.082031 8962.379883
1147.671021 6799.859375
3059.770508 6788.969727
3059.770508 8842.859375

[OBSTACLE]
3287.916016 8810.234375
3298.779053 6821.594727
5058.765625 6778.125000
5004.449707 8766.765625

[OBSTACLE]
5210.864746 8766.765625
5243.489746 6799.859375
7144.694824 6723.765625
6960.015625 8701.560547



