[BORDER]
0.000000 0.000000
4000.000000 0.000000
4000.000000 4000.000000
0.000000 4000.000000

[OBSTACLE]
2040.000000 -80.000000
2040.000000 1540.000000
2400.000000 1540.000000
2400.000000 2200.000000
1860.000000 2200.000000
1860.000000 2260.000000
2460.000000 2260.000000
2460.000000 1480.000000
2100.000000 1480.000000
2100.000000 -80.000000

[OBSTACLE]
2000.000000 4200.000000
2000.000000 2580.000000
1640.000000 2580.000000
1640.000000 1920.000000
2180.000000 1920.000000
2180.000000 1860.000000
1580.000000 1860.000000
1580.000000 2640.000000
1940.000000 2640.000000
1940.000000 4200.000000



