1 4 0 30 20
1 5 1 28 18
2 28 18 5 1
3 15 18 16 9
2 4 0 30 20
1 5 1 28 18
2 28 18 5 1
3 5 18 28 1
3 4 0 30 20
1 5 1 28 18
2 28 18 5 1
3 5 18 28 1
4 4 0 30 20
1 5 1 28 18
2 28 18 5 1
3 5 18 28 1
5 0 0 20 20
1 1 1 19 1
2 7 14 13 14
3 1 19 19 1
6 0 0 30 30
1 1 1 29 1
2 10 20 20 20
3 1 29 29 1
7 0 0 20 20
1 1 1 19 19
2 19 19 1 1
3 1 19 19 1
8 0 0 90 90
1 1 1 89 89
2 46 89 1 1
3 1 57 85 22
9 0 0 40 40
1 1 1 39 39
2 17 28 23 13
3 1 39 39 1
10 0 0 40 40
1 1 1 39 39
2 1 39 39 1
3 1 1 39 1
11 0 0 30 30
1 1 1 27 2
2 1 29 24 5
3 27 2 1 1
12 0 0 20 20
1 1 1 19 19
2 19 19 1 1
3 11 13 1 1
13 0 0 30 30
1 1 1 27 2
2 5 20 27 2
3 27 2 1 28
14 0 0 32.04 32.04
1 1 1 28 2
2 28 2 1 1
3 1 31 28 2
15 0 0 90 90
1 1 1 89 1
2 89 89 1 1
3 1 89 89 1
16 0 0 40 40
1 1 1 27 30
2 3 37 39 11
3 27 30 1 1
17 0 0 20 20
1 1 1 19 19
2 1 19 19 1
3 19 19 1 1
18 0 0 40 40
1 1 1 28 30
2 28 30 1 1 
3 32 1 28 30
19 0 0 20 30
1 1 1 19 1
2 19 1 1 1
3 9 3 9 25
20 0 0 40 40
1 1 20 39 1
2 39 1 1 39
3 1 20 39 39
21 0 0 40 40
1 1 1 39 39
2 39 1 39 39
3 1 39 39 1
22 0 0 72 72
1 1 1 70 1
2 70 70 1 1
3 1 70 70 1
23 0 0 60 60
1 2 43 58 18
2 59 59 1 1
3 1 59 59 1
24 0 0 20 20
1 1 1 19 19
2 19 19 1 1
3 3 19 19 1
25 0 0 50 50
1 1 1 49 49
2 49 49 6 2
3 6 48 49 1
26 0 0 70 70
1 1 1 69 69
2 69 69 1 1
3 1 69 69 1
27 0 0 40 40
1 1 1 39 39
2 1 39 39 1
3 1 1 39 1
28 0 0 70 70
1 1 1 69 69
2 69 69 1 1
3 1 69 69 1
29 0 0 127.35 43.65
1 1 1 19 1
2 7 14 13 14
3 1 19 19 1
30 0 0 84.90 29.1
1 1 1 82 1
2 1 1 82 28
3 1 15 82 15
31 0 0 20 20
1 1 1 13 19
2 19 19 7 1
3 1 1 2 4
32 0 0 60 60
1 1 1 59 59
2 1 30 59 30
3 59 1 1 59
33 0 0 40 40
1 2 2 36 2
2 38 2 4 2
3 18 24 22 24
34 0 0 60.01 60.01
1 3 3 53 3
2 56 3 6 3
3 27 36 33 36
35 0 0 40 40
1 2 2 36 2
2 36 2 2 2
3 17 24 22 23
36 0 0 72 72
1 1 1 69 1
2 69 69 1 1
3 1 69 69 1
37 0 0 60 60
1 1 1 59 1
2 59 59 1 1
3 1 59 59 1
38 0 0 40.93 40.93
1 2 2 36 2
2 38 2 4 2
3 18 24 23 24
39 0 0 20 20
1 1 1 19 1
2 7 14 13 14
3 1 19 19 1
40 0 0 20 20
1 1 1 19 1
2 7 14 13 14
3 1 19 19 1
41 0 0 80 80
1 1 1 79 79
2 79 1 79 79
3 39 34 48 48
42 0 0 80 80
1 1 1 79 79
2 79 79 1 1
3 1 79 30 79
43 0 0 40 40
1 1 1 39 39 
2 1 29 38 5
3 39 39 2 2
44 0 0 50 50
1 1 12 45 49
2 49 12 4 49
3 1 41 44 12
45 0 0 40 40
1 1 1 27 39
2 1 14 33 20
3 39 1 1 39
46 0.38 0.38 50 56.28
1 3 3 45 43
2 3 19 47 27
3 3 3 3 53
47 0 0 20 20
1 1 1 19 19
2 1 10 19 10
3 1 19 19 1
